t 1 2 jV0100 
0 -0 0 -0
0.15 -3.67382e-16 -2.06651e-21 -3.6738e-18
0.3 7.34764e-16 -2.29609e-21 7.34766e-18
0.45 -4.65486e-15 -1.86062e-20 -4.65484e-17
0.6 1.46953e-15 -6.81417e-20 1.4696e-17
0.75 -5.38962e-15 -6.60009e-20 -5.38956e-17
0.9 2.20429e-15 -1.25104e-19 2.20442e-17
1.05 9.8104e-16 -7.56467e-20 9.81116e-18
1.2 2.93906e-15 -5.77207e-20 2.93911e-17
1.35 -6.85915e-15 -6.30893e-20 -6.85909e-17
1.5 1.07792e-14 -9.24788e-20 1.07793e-16
1.65 -2.89102e-14 -1.03822e-19 -2.89101e-16
1.8 3.28303e-14 -3.00429e-19 3.28306e-16
1.95 -3.67504e-14 -2.02058e-20 -3.67504e-16
2.1 2.64596e-14 -4.28443e-19 2.64601e-16
2.25 -3.03797e-14 -1.49751e-19 -3.03796e-16
2.4 3.42998e-14 -4.23226e-19 3.43002e-16
2.55 -3.82199e-14 -1.19423e-19 -3.82198e-16
2.7 4.214e-14 -4.62419e-19 4.21405e-16
2.85 -4.60601e-14 -8.02139e-20 -4.606e-16
3 4.99802e-14 -5.01612e-19 4.99807e-16
3.15 -8.2322e-14 -2.00875e-19 -8.23218e-16
3.3 8.62421e-14 -8.78307e-19 8.6243e-16
3.45 -9.01622e-14 -7.28404e-20 -9.01621e-16
3.6 9.40823e-14 -9.35258e-19 9.40832e-16
3.75 -9.80024e-14 -3.36243e-20 -9.80024e-16
3.9 1.01922e-13 -9.74444e-19 1.01923e-15
4.05 -7.74209e-14 1.65463e-19 -7.7421e-16
4.2 5.29193e-14 -8.35999e-19 5.29201e-16
4.35 -2.84176e-14 -6.17785e-20 -2.84176e-16
4.5 3.91603e-15 -5.9097e-19 3.91662e-17
4.65 2.05856e-14 -3.06784e-19 2.05859e-16
4.8 -4.50872e-14 -3.45941e-19 -4.50869e-16
4.95 6.95888e-14 -5.5179e-19 6.95894e-16
5.1 -9.40904e-14 -1.00912e-19 -9.40903e-16
5.25 1.18592e-13 -7.96796e-19 1.18593e-15
5.4 -1.43094e-13 1.44117e-19 -1.43094e-15
5.55 1.67595e-13 -1.0418e-18 1.67596e-15
5.7 -1.92097e-13 3.89146e-19 -1.92097e-15
5.85 1.59755e-13 -1.60655e-18 1.59757e-15
6 -1.84257e-13 -4.0831e-20 -1.84257e-15
6.15 2.08758e-13 -1.6739e-18 2.0876e-15
6.3 -2.3326e-13 1.68682e-19 -2.3326e-15
6.45 2.57762e-13 -1.9189e-18 2.57763e-15
6.6 -2.82263e-13 4.13724e-19 -2.82264e-15
6.75 3.06765e-13 -2.16389e-18 3.06767e-15
6.9 -3.31266e-13 6.58766e-19 -3.31267e-15
7.05 3.55768e-13 -2.40888e-18 3.5577e-15
7.2 -3.8027e-13 9.03808e-19 -3.80271e-15
7.35 4.04771e-13 -2.65388e-18 4.04774e-15
7.5 -4.29273e-13 1.14885e-18 -4.29274e-15
7.65 4.53774e-13 -2.89887e-18 4.53777e-15
7.8 -4.78276e-13 1.39389e-18 -4.78277e-15
7.95 5.02778e-13 -3.14386e-18 5.02781e-15
8.1 -5.27279e-13 1.63893e-18 -5.27281e-15
8.25 4.94937e-13 -3.7086e-18 4.94941e-15
8.4 -5.76283e-13 8.89226e-19 -5.76283e-15
8.55 5.43941e-13 -4.77069e-18 5.43945e-15
8.7 -6.25286e-13 2.81655e-19 -6.25286e-15
8.85 5.92944e-13 -5.86828e-18 5.9295e-15
9 -6.74289e-13 -3.25891e-19 -6.74289e-15
9.15 6.41947e-13 -6.96585e-18 6.41954e-15
9.3 -7.23292e-13 -9.33411e-19 -7.23291e-15
9.45 6.9095e-13 -8.06339e-18 6.90958e-15
9.6 -7.72295e-13 -1.54091e-18 -7.72294e-15
9.75 7.39954e-13 -9.16091e-18 7.39963e-15
9.9 -8.21299e-13 -2.14837e-18 -8.21297e-15
10.05 -3.92958e-15 -1.47184e-17 -3.91486e-17
10.2 -3.92958e-15 -1.17579e-17 -3.91782e-17
10.35 -3.92958e-15 -1.23275e-17 -3.91725e-17
10.5 -3.92958e-15 -1.23862e-17 -3.9172e-17
10.65 -3.92958e-15 -1.2445e-17 -3.91714e-17
10.8 -3.92958e-15 -1.25038e-17 -3.91708e-17
10.95 -3.92958e-15 -1.25625e-17 -3.91702e-17
11.1 -3.92958e-15 -1.26213e-17 -3.91696e-17
11.25 -3.92958e-15 -1.268e-17 -3.9169e-17
11.4 -3.92958e-15 -1.27388e-17 -3.91684e-17
11.55 -3.92958e-15 -1.27975e-17 -3.91678e-17
11.7 -3.92958e-15 -1.28563e-17 -3.91673e-17
11.85 -3.92958e-15 -1.2915e-17 -3.91667e-17
12 -3.92958e-15 -1.29738e-17 -3.91661e-17
12.15 -3.92958e-15 -1.30325e-17 -3.91655e-17
12.3 -3.92958e-15 -1.30913e-17 -3.91649e-17
12.45 -3.92958e-15 -1.315e-17 -3.91643e-17
12.6 -3.92958e-15 -1.32088e-17 -3.91637e-17
12.75 -3.92958e-15 -1.32675e-17 -3.91631e-17
12.9 -3.92958e-15 -1.33263e-17 -3.91626e-17
13.05 -3.92958e-15 -1.3385e-17 -3.9162e-17
13.2 -3.92958e-15 -1.34437e-17 -3.91614e-17
13.35 -3.92958e-15 -1.35025e-17 -3.91608e-17
13.5 -3.92958e-15 -1.35612e-17 -3.91602e-17
13.65 -3.92958e-15 -1.362e-17 -3.91596e-17
13.8 -3.92958e-15 -1.36787e-17 -3.9159e-17
13.95 -3.92958e-15 -1.37374e-17 -3.91584e-17
14.1 -3.92958e-15 -1.37962e-17 -3.91579e-17
14.25 -3.92958e-15 -1.38549e-17 -3.91573e-17
14.4 -3.92958e-15 -1.39137e-17 -3.91567e-17
14.55 -3.92958e-15 -1.39724e-17 -3.91561e-17
14.7 -3.92958e-15 -1.40311e-17 -3.91555e-17
14.85 -3.92958e-15 -1.40899e-17 -3.91549e-17
15 -3.92958e-15 -1.41486e-17 -3.91543e-17
15.15 -3.92958e-15 -1.42073e-17 -3.91538e-17
15.3 -3.92958e-15 -1.42661e-17 -3.91532e-17
15.45 -3.92958e-15 -1.43248e-17 -3.91526e-17
15.6 -3.92958e-15 -1.43835e-17 -3.9152e-17
15.75 -3.92958e-15 -1.44422e-17 -3.91514e-17
15.9 -3.92958e-15 -1.4501e-17 -3.91508e-17
16.05 -3.92958e-15 -1.45597e-17 -3.91502e-17
16.2 -3.92958e-15 -1.46184e-17 -3.91496e-17
16.35 -3.92958e-15 -1.46771e-17 -3.91491e-17
16.5 -3.92958e-15 -1.47359e-17 -3.91485e-17
16.65 -3.92958e-15 -1.47946e-17 -3.91479e-17
16.8 -3.92958e-15 -1.48533e-17 -3.91473e-17
16.95 -3.92958e-15 -1.4912e-17 -3.91467e-17
17.1 -3.92958e-15 -1.49707e-17 -3.91461e-17
17.25 -3.92958e-15 -1.50295e-17 -3.91455e-17
17.4 -3.92958e-15 -1.50882e-17 -3.91449e-17
17.55 -3.92958e-15 -1.51469e-17 -3.91444e-17
17.7 -3.92958e-15 -1.52056e-17 -3.91438e-17
17.85 -3.92958e-15 -1.52643e-17 -3.91432e-17
18 -3.92958e-15 -1.5323e-17 -3.91426e-17
18.15 -3.92958e-15 -1.53818e-17 -3.9142e-17
18.3 -3.92958e-15 -1.54405e-17 -3.91414e-17
18.45 -3.92958e-15 -1.54992e-17 -3.91408e-17
18.6 -3.92958e-15 -1.55579e-17 -3.91402e-17
18.75 -3.92958e-15 -1.56166e-17 -3.91397e-17
18.9 -3.92958e-15 -1.56753e-17 -3.91391e-17
19.05 -3.92958e-15 -1.5734e-17 -3.91385e-17
19.2 -3.92958e-15 -1.57927e-17 -3.91379e-17
19.35 -3.92958e-15 -1.58514e-17 -3.91373e-17
19.5 -3.92958e-15 -1.59101e-17 -3.91367e-17
19.65 -3.92958e-15 -1.59688e-17 -3.91361e-17
19.8 -3.92958e-15 -1.60275e-17 -3.91355e-17
19.95 -3.92958e-15 -1.60862e-17 -3.9135e-17
