t 1 2 jL0100 
0 -10 -10 1e-009 
0.02 -9.80385 -9.61161 0.196077 
0.04 -9.61139 -9.23447 0.388305 
0.06 -9.42249 -8.86821 0.576755 
0.08 -9.23701 -8.51248 0.761495 
0.1 -9.05482 -8.16695 0.942591 
0.12 -8.87579 -7.83129 1.12011 
0.14 -8.69981 -7.5052 1.2941 
0.16 -8.52675 -7.18838 1.46464 
0.18 -8.3565 -6.88052 1.63177 
0.2 -8.18896 -6.58135 1.79555 
0.22 -8.02403 -6.29061 1.95603 
0.24 -7.8616 -6.00802 2.11326 
0.26 -7.70159 -5.73334 2.26729 
0.28 -7.5439 -5.46633 2.41817 
0.3 -7.38845 -5.20674 2.56594 
0.32 -7.23515 -4.95435 2.71064 
0.34 -7.08392 -4.70895 2.85232 
0.36 -6.9347 -4.47031 2.99101 
0.38 -6.7874 -4.23825 3.12676 
0.4 -6.64195 -4.01256 3.2596 
0.42 -6.4983 -3.79304 3.38957 
0.44 -6.35638 -3.57953 3.51669 
0.46 -6.21612 -3.37183 3.64102 
0.48 -6.07747 -3.16979 3.76257 
0.5 -5.94038 -2.97323 3.88137 
0.52 -5.80479 -2.782 3.99747 
0.54 -5.67065 -2.59595 4.11088 
0.56 -5.53792 -2.41492 4.22164 
0.58 -5.40655 -2.23877 4.32977 
0.6 -5.2765 -2.06737 4.4353 
0.62 -5.14772 -1.90058 4.53826 
0.64 -5.02018 -1.73828 4.63866 
0.66 -4.89385 -1.58033 4.73654 
0.68 -4.76867 -1.42663 4.83191 
0.7 -4.64464 -1.27705 4.9248 
0.72 -4.5217 -1.13149 5.01524 
0.74 -4.39984 -0.989831 5.10323 
0.76 -4.27903 -0.851975 5.18882 
0.78 -4.15923 -0.717822 5.272 
0.8 -4.04043 -0.587275 5.35281 
0.82 -3.9226 -0.46024 5.43126 
0.84 -3.80572 -0.336628 5.50737 
0.86 -3.68977 -0.21635 5.58117 
0.88 -3.57473 -0.0993241 5.65266 
0.9 -3.46058 0.0145321 5.72188 
0.92 -3.34731 0.125297 5.78882 
0.94 -3.2349 0.233045 5.85352 
0.96 -3.12334 0.337851 5.91599 
0.98 -3.01261 0.439784 5.97624 
1 -2.9027 0.538914 6.03429 
1.02 -2.7936 0.635305 6.09017 
1.04 -2.68531 0.729021 6.14387 
1.06 -2.5778 0.820125 6.19543 
1.08 -2.47108 0.908675 6.24485 
1.1 -2.36513 0.994729 6.29215 
1.12 -2.25995 1.07834 6.33735 
1.14 -2.15553 1.15957 6.38046 
1.16 -2.05187 1.23846 6.4215 
1.18 -1.94896 1.31507 6.46048 
1.2 -1.8468 1.38944 6.49741 
1.22 -1.74539 1.46162 6.53232 
1.24 -1.64472 1.53166 6.56522 
1.26 -1.54479 1.5996 6.59611 
1.28 -1.4456 1.66548 6.62502 
1.3 -1.34714 1.72934 6.65197 
1.32 -1.24943 1.79123 6.67696 
1.34 -1.15245 1.85119 6.7 
1.36 -1.05621 1.90924 6.72113 
1.38 -0.960717 1.96543 6.74034 
1.4 -0.865959 2.01979 6.75766 
1.42 -0.771944 2.07236 6.7731 
1.44 -0.678674 2.12316 6.78667 
1.46 -0.586151 2.17224 6.7984 
1.48 -0.494378 2.21962 6.80829 
1.5 -0.403357 2.26534 6.81635 
1.52 -0.313093 2.30941 6.82261 
1.54 -0.223589 2.35188 6.82709 
1.56 -0.134849 2.39276 6.82978 
1.58 -0.0468763 2.4321 6.83072 
1.6 0.040324 2.4699 6.82991 
1.62 0.126748 2.5062 6.82738 
1.64 0.21239 2.54102 6.82313 
1.66 0.297246 2.57439 6.81719 
1.68 0.381311 2.60633 6.80956 
1.7 0.464579 2.63686 6.80027 
1.72 0.547045 2.666 6.78933 
1.74 0.628705 2.69379 6.77675 
1.76 0.709551 2.72023 6.76256 
1.78 0.78958 2.74535 6.74677 
1.8 0.868784 2.76917 6.7294 
1.82 0.947159 2.79171 6.71045 
1.84 1.0247 2.81299 6.68996 
1.86 1.1014 2.83303 6.66793 
1.88 1.17725 2.85184 6.64439 
1.9 1.25225 2.86945 6.61934 
1.92 1.32638 2.88587 6.59281 
1.94 1.39966 2.90112 6.56482 
1.96 1.47206 2.91522 6.53538 
1.98 1.54359 2.92819 6.50451 
2 1.61423 2.94003 6.47222 
2.02 1.68399 2.95077 6.43854 
2.04 1.75285 2.96042 6.40349 
2.06 1.82081 2.969 6.36707 
2.08 1.88786 2.97653 6.32931 
2.1 1.95401 2.98301 6.29023 
2.12 2.01924 2.98847 6.24985 
2.14 2.08354 2.99292 6.20818 
2.16 2.14692 2.99637 6.16524 
2.18 2.20936 2.99883 6.12105 
2.2 2.27087 3.00033 6.07563 
2.22 2.33143 3.00088 6.029 
2.24 2.39105 3.00048 5.98118 
2.26 2.44971 2.99916 5.93219 
2.28 2.50741 2.99692 5.88204 
2.3 2.56415 2.99379 5.83076 
2.32 2.61992 2.98976 5.77836 
2.34 2.67472 2.98487 5.72487 
2.36 2.72854 2.97911 5.67029 
2.38 2.78139 2.9725 5.61467 
2.4 2.83325 2.96506 5.558 
2.42 2.88412 2.95679 5.50032 
2.44 2.934 2.94772 5.44164 
2.46 2.98288 2.93784 5.38198 
2.48 3.03076 2.92718 5.32137 
2.5 3.07764 2.91575 5.25981 
2.52 3.12352 2.90356 5.19734 
2.54 3.16839 2.89061 5.13398 
2.56 3.21224 2.87693 5.06973 
2.58 3.25508 2.86252 5.00463 
2.6 3.29691 2.8474 4.93869 
2.62 3.33772 2.83157 4.87194 
2.64 3.3775 2.81506 4.80439 
2.66 3.41627 2.79787 4.73606 
2.68 3.45401 2.78 4.66698 
2.7 3.49072 2.76149 4.59717 
2.72 3.52641 2.74233 4.52664 
2.74 3.56106 2.72254 4.45542 
2.76 3.59469 2.70212 4.38352 
2.78 3.62729 2.6811 4.31098 
2.8 3.65886 2.65947 4.2378 
2.82 3.68939 2.63726 4.16401 
2.84 3.71889 2.61448 4.08963 
2.86 3.74737 2.59113 4.01469 
2.88 3.77481 2.56722 3.93919 
2.9 3.80121 2.54277 3.86317 
2.92 3.82659 2.51779 3.78664 
2.94 3.85094 2.49229 3.70962 
2.96 3.87425 2.46629 3.63213 
2.98 3.89654 2.43978 3.5542 
3 3.9178 2.41278 3.47584 
3.02 3.93804 2.38531 3.39708 
3.04 3.95725 2.35738 3.31794 
3.06 3.97544 2.32899 3.23843 
3.08 3.99261 2.30015 3.15858 
3.1 4.00876 2.27088 3.0784 
3.12 4.02389 2.2412 2.99792 
3.14 4.03801 2.21109 2.91716 
3.16 4.05112 2.18059 2.83614 
3.18 4.06323 2.1497 2.75488 
3.2 4.07433 2.11843 2.67339 
3.22 4.08443 2.0868 2.5917 
3.24 4.09353 2.0548 2.50983 
3.26 4.10163 2.02246 2.4278 
3.28 4.10875 1.98978 2.34562 
3.3 4.11488 1.95677 2.26333 
3.32 4.12003 1.92346 2.18093 
3.34 4.1242 1.88983 2.09844 
3.36 4.1274 1.85591 2.01589 
3.38 4.12963 1.82171 1.9333 
3.4 4.1309 1.78723 1.85068 
3.42 4.13121 1.7525 1.76806 
3.44 4.13057 1.7175 1.68545 
3.46 4.12899 1.68227 1.60287 
3.48 4.12646 1.64681 1.52034 
3.5 4.12299 1.61112 1.43788 
3.52 4.1186 1.57522 1.35551 
3.54 4.11328 1.53912 1.27324 
3.56 4.10704 1.50283 1.1911 
3.58 4.0999 1.46636 1.1091 
3.6 4.09185 1.42971 1.02727 
3.62 4.0829 1.39291 0.945607 
3.64 4.07307 1.35595 0.864146 
3.66 4.06235 1.31886 0.782899 
3.68 4.05075 1.28163 0.701884 
3.7 4.03829 1.24428 0.621118 
3.72 4.02497 1.20682 0.540619 
3.74 4.01079 1.16926 0.460403 
3.76 3.99577 1.1316 0.380488 
3.78 3.97991 1.09387 0.30089 
3.8 3.96322 1.05606 0.221625 
3.82 3.94571 1.01818 0.142711 
3.84 3.92739 0.980257 0.0641632 
3.86 3.90826 0.942286 -0.0140021 
3.88 3.88834 0.904279 -0.0917689 
3.9 3.86763 0.866247 -0.169122 
3.92 3.84615 0.828198 -0.246045 
3.94 3.8239 0.790142 -0.322522 
3.96 3.80088 0.752087 -0.39854 
3.98 3.77712 0.714044 -0.474083 
4 3.75262 0.676021 -0.549135 
4.02 3.72738 0.638026 -0.623683 
4.04 3.70143 0.600069 -0.697711 
4.06 3.67476 0.562158 -0.771206 
4.08 3.64739 0.524303 -0.844154 
4.1 3.61933 0.486512 -0.916541 
4.12 3.59059 0.448793 -0.988353 
4.14 3.56117 0.411155 -1.05958 
4.16 3.5311 0.373607 -1.1302 
4.18 3.50037 0.336157 -1.20021 
4.2 3.469 0.298813 -1.26959 
4.22 3.437 0.261583 -1.33833 
4.24 3.40439 0.224475 -1.40641 
4.26 3.37116 0.187499 -1.47384 
4.28 3.33733 0.150661 -1.54058 
4.3 3.30292 0.113969 -1.60664 
4.32 3.26793 0.0774318 -1.672 
4.34 3.23238 0.0410566 -1.73665 
4.36 3.19627 0.00485112 -1.80057 
4.38 3.15962 -0.0311771 -1.86377 
4.4 3.12243 -0.0670206 -1.92621 
4.42 3.08473 -0.102672 -1.98791 
4.44 3.04652 -0.138124 -2.04884 
4.46 3.0078 -0.173369 -2.109 
4.48 2.9686 -0.2084 -2.16837 
4.5 2.92893 -0.243211 -2.22695 
4.52 2.88879 -0.277793 -2.28472 
4.54 2.8482 -0.312141 -2.34169 
4.56 2.80717 -0.346248 -2.39783 
4.58 2.76571 -0.380107 -2.45314 
4.6 2.72383 -0.413711 -2.50762 
4.62 2.68155 -0.447054 -2.56125 
4.64 2.63887 -0.480129 -2.61403 
4.66 2.59581 -0.512931 -2.66594 
4.68 2.55238 -0.545452 -2.71699 
4.7 2.50859 -0.577688 -2.76716 
4.72 2.46445 -0.609632 -2.81645 
4.74 2.41998 -0.641278 -2.86485 
4.76 2.37518 -0.67262 -2.91236 
4.78 2.33008 -0.703653 -2.95896 
4.8 2.28467 -0.734371 -3.00465 
4.82 2.23898 -0.764769 -3.04943 
4.84 2.19301 -0.794841 -3.09329 
4.86 2.14678 -0.824582 -3.13623 
4.88 2.10029 -0.853988 -3.17823 
4.9 2.05357 -0.883052 -3.2193 
4.92 2.00661 -0.91177 -3.25944 
4.94 1.95944 -0.940137 -3.29862 
4.96 1.91207 -0.968148 -3.33687 
4.98 1.8645 -0.995799 -3.37416 
5 1.81675 -1.02309 -3.41049 
5.02 1.76884 -1.05 -3.44587 
5.04 1.72076 -1.07655 -3.48028 
5.06 1.67254 -1.10271 -3.51373 
5.08 1.62419 -1.1285 -3.54622 
5.1 1.57571 -1.1539 -3.57773 
5.12 1.52712 -1.17891 -3.60827 
5.14 1.47844 -1.20352 -3.63784 
5.16 1.42966 -1.22774 -3.66644 
5.18 1.38081 -1.25156 -3.69405 
5.2 1.3319 -1.27497 -3.72069 
5.22 1.28293 -1.29798 -3.74635 
5.24 1.23392 -1.32058 -3.77103 
5.26 1.18488 -1.34276 -3.79473 
5.28 1.13583 -1.36453 -3.81744 
5.3 1.08676 -1.38588 -3.83918 
5.32 1.0377 -1.40681 -3.85993 
5.34 0.988649 -1.42731 -3.8797 
5.36 0.939627 -1.44738 -3.8985 
5.38 0.890641 -1.46703 -3.91631 
5.4 0.841703 -1.48624 -3.93314 
5.42 0.792824 -1.50502 -3.949 
5.44 0.744013 -1.52336 -3.96388 
5.46 0.695283 -1.54127 -3.97779 
5.48 0.646643 -1.55873 -3.99072 
5.5 0.598105 -1.57576 -4.00268 
5.52 0.549678 -1.59234 -4.01367 
5.54 0.501373 -1.60847 -4.0237 
5.56 0.453201 -1.62416 -4.03277 
5.58 0.405172 -1.6394 -4.04087 
5.6 0.357295 -1.65419 -4.04802 
5.62 0.309582 -1.66854 -4.05421 
5.64 0.262042 -1.68243 -4.05945 
5.66 0.214684 -1.69587 -4.06374 
5.68 0.167519 -1.70886 -4.06709 
5.7 0.120557 -1.72139 -4.0695 
5.72 0.0738071 -1.73347 -4.07098 
5.74 0.0272785 -1.7451 -4.07152 
5.76 -0.019019 -1.75627 -4.07114 
5.78 -0.0650761 -1.76699 -4.06984 
5.8 -0.110884 -1.77725 -4.06762 
5.82 -0.156432 -1.78706 -4.0645 
5.84 -0.201713 -1.79641 -4.06046 
5.86 -0.246718 -1.80531 -4.05553 
5.88 -0.291437 -1.81375 -4.0497 
5.9 -0.335861 -1.82174 -4.04298 
5.92 -0.379984 -1.82928 -4.03538 
5.94 -0.423794 -1.83636 -4.02691 
5.96 -0.467286 -1.84299 -4.01756 
5.98 -0.510449 -1.84917 -4.00735 
6 -0.553277 -1.8549 -3.99629 
6.02 -0.595761 -1.86018 -3.98437 
6.04 -0.637893 -1.86502 -3.97161 
6.06 -0.679665 -1.8694 -3.95802 
6.08 -0.72107 -1.87334 -3.9436 
6.1 -0.762101 -1.87683 -3.92836 
6.12 -0.802749 -1.87988 -3.9123 
6.14 -0.843008 -1.88249 -3.89544 
6.16 -0.882871 -1.88466 -3.87778 
6.18 -0.922329 -1.88639 -3.85934 
6.2 -0.961378 -1.88769 -3.84011 
6.22 -1.00001 -1.88855 -3.82011 
6.24 -1.03822 -1.88898 -3.79934 
6.26 -1.07599 -1.88897 -3.77783 
6.28 -1.11333 -1.88854 -3.75556 
6.3 -1.15023 -1.88769 -3.73255 
6.32 -1.18668 -1.88641 -3.70882 
6.34 -1.22267 -1.88471 -3.68437 
6.36 -1.25821 -1.88259 -3.6592 
6.38 -1.29327 -1.88005 -3.63334 
6.4 -1.32786 -1.8771 -3.60678 
6.42 -1.36198 -1.87374 -3.57954 
6.44 -1.39561 -1.86998 -3.55163 
6.46 -1.42876 -1.86581 -3.52305 
6.48 -1.46141 -1.86123 -3.49382 
6.5 -1.49356 -1.85626 -3.46395 
6.52 -1.52522 -1.85089 -3.43345 
6.54 -1.55636 -1.84514 -3.40232 
6.56 -1.58699 -1.83899 -3.37058 
6.58 -1.61711 -1.83245 -3.33824 
6.6 -1.6467 -1.82554 -3.30531 
6.62 -1.67577 -1.81824 -3.27179 
6.64 -1.70432 -1.81058 -3.2377 
6.66 -1.73233 -1.80254 -3.20306 
6.68 -1.7598 -1.79413 -3.16786 
6.7 -1.78674 -1.78536 -3.13213 
6.72 -1.81313 -1.77622 -3.09586 
6.74 -1.83898 -1.76674 -3.05908 
6.76 -1.86427 -1.7569 -3.0218 
6.78 -1.88902 -1.74671 -2.98402 
6.8 -1.91321 -1.73618 -2.94575 
6.82 -1.93685 -1.7253 -2.90702 
6.84 -1.95992 -1.7141 -2.86782 
6.86 -1.98243 -1.70256 -2.82817 
6.88 -2.00438 -1.69069 -2.78808 
6.9 -2.02576 -1.6785 -2.74757 
6.92 -2.04657 -1.666 -2.70664 
6.94 -2.06682 -1.65318 -2.6653 
6.96 -2.08649 -1.64005 -2.62357 
6.98 -2.10558 -1.62661 -2.58146 
7 -2.12411 -1.61287 -2.53898 
7.02 -2.14205 -1.59884 -2.49614 
7.04 -2.15942 -1.58452 -2.45295 
7.06 -2.17621 -1.56991 -2.40942 
7.08 -2.19242 -1.55502 -2.36557 
7.1 -2.20805 -1.53986 -2.32141 
7.12 -2.2231 -1.52442 -2.27695 
7.14 -2.23757 -1.50872 -2.2322 
7.16 -2.25146 -1.49275 -2.18717 
7.18 -2.26477 -1.47653 -2.14188 
7.2 -2.27749 -1.46005 -2.09633 
7.22 -2.28964 -1.44333 -2.05053 
7.24 -2.3012 -1.42636 -2.00451 
7.26 -2.31218 -1.40916 -1.95826 
7.28 -2.32258 -1.39173 -1.91181 
7.3 -2.33241 -1.37407 -1.86517 
7.32 -2.34165 -1.35619 -1.81833 
7.34 -2.35031 -1.33809 -1.77133 
7.36 -2.3584 -1.31978 -1.72416 
7.38 -2.36591 -1.30127 -1.67684 
7.4 -2.37285 -1.28255 -1.62938 
7.42 -2.37921 -1.26364 -1.5818 
7.44 -2.385 -1.24455 -1.5341 
7.46 -2.39022 -1.22526 -1.48629 
7.48 -2.39488 -1.2058 -1.4384 
7.5 -2.39896 -1.18616 -1.39042 
7.52 -2.40248 -1.16635 -1.34237 
7.54 -2.40544 -1.14638 -1.29426 
7.56 -2.40784 -1.12625 -1.2461 
7.58 -2.40968 -1.10597 -1.19791 
7.6 -2.41096 -1.08554 -1.14969 
7.62 -2.41169 -1.06498 -1.10146 
7.64 -2.41187 -1.04427 -1.05322 
7.66 -2.4115 -1.02343 -1.00499 
7.68 -2.41058 -1.00247 -0.956776 
7.7 -2.40913 -0.981384 -0.908594 
7.72 -2.40713 -0.960186 -0.860451 
7.74 -2.4046 -0.938878 -0.812359 
7.76 -2.40154 -0.917466 -0.764328 
7.78 -2.39795 -0.895955 -0.716369 
7.8 -2.39383 -0.874351 -0.668493 
7.82 -2.38919 -0.852659 -0.620709 
7.84 -2.38404 -0.830884 -0.573028 
7.86 -2.37836 -0.809032 -0.525461 
7.88 -2.37218 -0.787108 -0.478017 
7.9 -2.36549 -0.765117 -0.430707 
7.92 -2.3583 -0.743066 -0.383541 
7.94 -2.35061 -0.720958 -0.336529 
7.96 -2.34243 -0.6988 -0.28968 
7.98 -2.33376 -0.676596 -0.243005 
8 -2.3246 -0.654352 -0.196513 
8.02 -2.31497 -0.632073 -0.150214 
8.04 -2.30485 -0.609765 -0.104117 
8.06 -2.29427 -0.587432 -0.0582311 
8.08 -2.28322 -0.56508 -0.0125667 
8.1 -2.27171 -0.542715 0.0328674 
8.12 -2.25974 -0.52034 0.0780622 
8.14 -2.24732 -0.497961 0.123009 
8.16 -2.23445 -0.475584 0.167698 
8.18 -2.22115 -0.453213 0.212121 
8.2 -2.20741 -0.430853 0.256269 
8.22 -2.19323 -0.40851 0.300133 
8.24 -2.17863 -0.386189 0.343706 
8.26 -2.16362 -0.363893 0.386978 
8.28 -2.14819 -0.341629 0.429942 
8.3 -2.13235 -0.319401 0.472589 
8.32 -2.1161 -0.297215 0.514911 
8.34 -2.09946 -0.275074 0.556901 
8.36 -2.08243 -0.252983 0.598549 
8.38 -2.06502 -0.230948 0.63985 
8.4 -2.04722 -0.208974 0.680794 
8.42 -2.02905 -0.187064 0.721375 
8.44 -2.01052 -0.165223 0.761585 
8.46 -1.99162 -0.143456 0.801418 
8.48 -1.97237 -0.121768 0.840865 
8.5 -1.95277 -0.100163 0.87992 
8.52 -1.93282 -0.078646 0.918577 
8.54 -1.91254 -0.0572206 0.956828 
8.56 -1.89193 -0.0358916 0.994666 
8.58 -1.87099 -0.0146634 1.03209 
8.6 -1.84974 0.00645987 1.06908 
8.62 -1.82818 0.0274738 1.10564 
8.64 -1.80631 0.0483742 1.14177 
8.66 -1.78414 0.069157 1.17745 
8.68 -1.76169 0.0898181 1.21269 
8.7 -1.73894 0.110353 1.24747 
8.72 -1.71592 0.130759 1.28178 
8.74 -1.69263 0.15103 1.31564 
8.76 -1.66907 0.171164 1.34902 
8.78 -1.64526 0.191156 1.38192 
8.8 -1.62119 0.211003 1.41435 
8.82 -1.59688 0.230701 1.44629 
8.84 -1.57233 0.250246 1.47773 
8.86 -1.54755 0.269634 1.50868 
8.88 -1.52254 0.288862 1.53913 
8.9 -1.49732 0.307927 1.56908 
8.92 -1.47189 0.326824 1.59852 
8.94 -1.44625 0.345551 1.62744 
8.96 -1.42041 0.364104 1.65585 
8.98 -1.39439 0.382479 1.68374 
9 -1.36818 0.400674 1.7111 
9.02 -1.3418 0.418686 1.73794 
9.04 -1.31524 0.43651 1.76424 
9.06 -1.28852 0.454145 1.79001 
9.08 -1.26165 0.471586 1.81525 
9.1 -1.23463 0.488832 1.83994 
9.12 -1.20746 0.505878 1.86409 
9.14 -1.18017 0.522723 1.88769 
9.16 -1.15274 0.539364 1.91075 
9.18 -1.12519 0.555797 1.93325 
9.2 -1.09752 0.57202 1.9552 
9.22 -1.06975 0.588031 1.9766 
9.24 -1.04188 0.603826 1.99743 
9.26 -1.01392 0.619404 2.01771 
9.28 -0.985862 0.634763 2.03743 
9.3 -0.957728 0.649898 2.05658 
9.32 -0.929521 0.664809 2.07517 
9.34 -0.901247 0.679494 2.0932 
9.36 -0.872912 0.693949 2.11066 
9.38 -0.844525 0.708173 2.12755 
9.4 -0.816091 0.722164 2.14387 
9.42 -0.787617 0.735919 2.15962 
9.44 -0.759109 0.749438 2.1748 
9.46 -0.730575 0.762718 2.18942 
9.48 -0.702021 0.775756 2.20346 
9.5 -0.673454 0.788553 2.21693 
9.52 -0.64488 0.801105 2.22982 
9.54 -0.616305 0.813412 2.24215 
9.56 -0.587736 0.825471 2.2539 
9.58 -0.55918 0.837281 2.26509 
9.6 -0.530643 0.848842 2.2757 
9.62 -0.502131 0.860151 2.28574 
9.64 -0.473651 0.871207 2.29522 
9.66 -0.445209 0.882009 2.30412 
9.68 -0.416811 0.892556 2.31246 
9.7 -0.388463 0.902846 2.32023 
9.72 -0.360172 0.91288 2.32743 
9.74 -0.331944 0.922655 2.33407 
9.76 -0.303784 0.932171 2.34014 
9.78 -0.2757 0.941427 2.34566 
9.8 -0.247696 0.950422 2.35061 
9.82 -0.219779 0.959156 2.35501 
9.84 -0.191955 0.967628 2.35885 
9.86 -0.164229 0.975837 2.36213 
9.88 -0.136607 0.983783 2.36486 
9.9 -0.109095 0.991465 2.36704 
9.92 -0.0816996 0.998884 2.36868 
9.94 -0.054425 1.00604 2.36977 
9.96 -0.0272772 1.01293 2.37031 
9.98 -0.000261879 1.01955 2.37032 
10 0.0266156 1.02591 2.36979 
10.02 0.0533499 1.032 2.36872 
10.04 0.0799357 1.03783 2.36712 
10.06 0.106368 1.0434 2.36499 
10.08 0.13264 1.0487 2.36234 
10.1 0.158749 1.05373 2.35917 
10.12 0.184689 1.0585 2.35547 
10.14 0.210454 1.063 2.35126 
10.16 0.23604 1.06725 2.34654 
10.18 0.261441 1.07122 2.34131 
10.2 0.286654 1.07494 2.33558 
10.22 0.311673 1.07839 2.32935 
10.24 0.336494 1.08158 2.32262 
10.26 0.361112 1.08451 2.31539 
10.28 0.385522 1.08717 2.30768 
10.3 0.40972 1.08958 2.29949 
10.32 0.433702 1.09173 2.29082 
10.34 0.457463 1.09361 2.28167 
10.36 0.480999 1.09525 2.27205 
10.38 0.504306 1.09662 2.26196 
10.4 0.527379 1.09774 2.25141 
10.42 0.550215 1.0986 2.24041 
10.44 0.57281 1.09921 2.22895 
10.46 0.59516 1.09957 2.21705 
10.48 0.61726 1.09968 2.2047 
10.5 0.639108 1.09954 2.19192 
10.52 0.660699 1.09914 2.17871 
10.54 0.68203 1.09851 2.16507 
10.56 0.703098 1.09762 2.151 
10.58 0.723899 1.09649 2.13653 
10.6 0.744429 1.09512 2.12164 
10.62 0.764686 1.09351 2.10634 
10.64 0.784666 1.09165 2.09065 
10.66 0.804366 1.08956 2.07456 
10.68 0.823783 1.08723 2.05809 
10.7 0.842914 1.08467 2.04123 
10.72 0.861757 1.08188 2.02399 
10.74 0.880307 1.07885 2.00639 
10.76 0.898564 1.07559 1.98842 
10.78 0.916523 1.07211 1.97009 
10.8 0.934183 1.0684 1.9514 
10.82 0.951541 1.06447 1.93237 
10.84 0.968595 1.06032 1.913 
10.86 0.985342 1.05595 1.89329 
10.88 1.00178 1.05136 1.87326 
10.9 1.01791 1.04655 1.8529 
10.92 1.03372 1.04154 1.83223 
10.94 1.04922 1.03631 1.81124 
10.96 1.0644 1.03087 1.78995 
10.98 1.07926 1.02523 1.76837 
11 1.09381 1.01939 1.74649 
11.02 1.10803 1.01334 1.72433 
11.04 1.12192 1.00709 1.70189 
11.06 1.13549 1.00065 1.67918 
11.08 1.14874 0.994015 1.65621 
11.1 1.16165 0.987187 1.63297 
11.12 1.17424 0.98017 1.60949 
11.14 1.18649 0.972966 1.58576 
11.16 1.19842 0.965579 1.56179 
11.18 1.21001 0.95801 1.53759 
11.2 1.22127 0.950263 1.51317 
11.22 1.23219 0.94234 1.48852 
11.24 1.24278 0.934244 1.46367 
11.26 1.25303 0.925977 1.43861 
11.28 1.26295 0.917542 1.41335 
11.3 1.27253 0.908942 1.3879 
11.32 1.28177 0.90018 1.36226 
11.34 1.29067 0.891259 1.33645 
11.36 1.29924 0.882181 1.31046 
11.38 1.30747 0.872949 1.28431 
11.4 1.31535 0.863567 1.25801 
11.42 1.32291 0.854036 1.23155 
11.44 1.33012 0.844361 1.20495 
11.46 1.33699 0.834543 1.17821 
11.48 1.34352 0.824586 1.15134 
11.5 1.34972 0.814493 1.12434 
11.52 1.35558 0.804267 1.09723 
11.54 1.3611 0.793911 1.07001 
11.56 1.36629 0.783428 1.04268 
11.58 1.37114 0.77282 1.01526 
11.6 1.37565 0.762091 0.987746 
11.62 1.37983 0.751244 0.96015 
11.64 1.38367 0.740283 0.932476 
11.66 1.38718 0.729209 0.904733 
11.68 1.39036 0.718026 0.876926 
11.7 1.39321 0.706738 0.849061 
11.72 1.39572 0.695347 0.821147 
11.74 1.39791 0.683857 0.793189 
11.76 1.39977 0.67227 0.765193 
11.78 1.4013 0.66059 0.737167 
11.8 1.40251 0.648819 0.709117 
11.82 1.40339 0.636962 0.68105 
11.84 1.40395 0.62502 0.652971 
11.86 1.40418 0.612998 0.624887 
11.88 1.4041 0.600898 0.596805 
11.9 1.4037 0.588724 0.568731 
11.92 1.40299 0.576478 0.540671 
11.94 1.40196 0.564164 0.512632 
11.96 1.40061 0.551785 0.48462 
11.98 1.39896 0.539344 0.456641 
12 1.397 0.526845 0.428701 
12.02 1.39473 0.514289 0.400806 
12.04 1.39215 0.501681 0.372963 
12.06 1.38927 0.489024 0.345178 
12.08 1.3861 0.47632 0.317456 
12.1 1.38262 0.463573 0.289803 
12.12 1.37885 0.450786 0.262226 
12.14 1.37479 0.437962 0.234731 
12.16 1.37043 0.425105 0.207322 
12.18 1.36579 0.412216 0.180006 
12.2 1.36086 0.3993 0.152789 
12.22 1.35564 0.386359 0.125676 
12.24 1.35015 0.373397 0.0986733 
12.26 1.34438 0.360416 0.0717858 
12.28 1.33833 0.347419 0.0450192 
12.3 1.33201 0.33441 0.0183791 
12.32 1.32542 0.321392 -0.00812924 
12.34 1.31856 0.308368 -0.0345004 
12.36 1.31144 0.295339 -0.0607292 
12.38 1.30405 0.282311 -0.0868103 
12.4 1.29641 0.269285 -0.112739 
12.42 1.28852 0.256264 -0.138509 
12.44 1.28037 0.243251 -0.164116 
12.46 1.27198 0.23025 -0.189556 
12.48 1.26333 0.217263 -0.214823 
12.5 1.25445 0.204293 -0.239912 
12.52 1.24533 0.191343 -0.264818 
12.54 1.23597 0.178416 -0.289537 
12.56 1.22638 0.165514 -0.314065 
12.58 1.21656 0.15264 -0.338396 
12.6 1.20651 0.139798 -0.362526 
12.62 1.19624 0.126989 -0.386451 
12.64 1.18575 0.114217 -0.410166 
12.66 1.17505 0.101485 -0.433667 
12.68 1.16413 0.0887939 -0.45695 
12.7 1.15301 0.0761478 -0.48001 
12.72 1.14168 0.063549 -0.502844 
12.74 1.13015 0.0510001 -0.525447 
12.76 1.11843 0.0385036 -0.547815 
12.78 1.10651 0.0260622 -0.569945 
12.8 1.0944 0.0136784 -0.591833 
12.82 1.0821 0.00135472 -0.613475 
12.84 1.06962 -0.0109064 -0.634868 
12.86 1.05696 -0.0231024 -0.656007 
12.88 1.04413 -0.035231 -0.67689 
12.9 1.03113 -0.0472896 -0.697512 
12.92 1.01795 -0.059276 -0.717871 
12.94 1.00462 -0.0711878 -0.737964 
12.96 0.991123 -0.0830226 -0.757786 
12.98 0.977472 -0.0947782 -0.777336 
13 0.963669 -0.106452 -0.796609 
13.02 0.949718 -0.118043 -0.815603 
13.04 0.935622 -0.129547 -0.834316 
13.06 0.921387 -0.140963 -0.852744 
13.08 0.907015 -0.15229 -0.870884 
13.1 0.892511 -0.163523 -0.888734 
13.12 0.877878 -0.174663 -0.906292 
13.14 0.863121 -0.185705 -0.923554 
13.16 0.848244 -0.19665 -0.940519 
13.18 0.83325 -0.207494 -0.957184 
13.2 0.818144 -0.218235 -0.973547 
13.22 0.802929 -0.228872 -0.989605 
13.24 0.78761 -0.239403 -1.00536 
13.26 0.772191 -0.249826 -1.0208 
13.28 0.756675 -0.26014 -1.03593 
13.3 0.741066 -0.270341 -1.05076 
13.32 0.72537 -0.280429 -1.06526 
13.34 0.709589 -0.290402 -1.07946 
13.36 0.693727 -0.300258 -1.09333 
13.38 0.677789 -0.309996 -1.10689 
13.4 0.661779 -0.319614 -1.12012 
13.42 0.645701 -0.32911 -1.13304 
13.44 0.629558 -0.338484 -1.14563 
13.46 0.613355 -0.347732 -1.15789 
13.48 0.597095 -0.356855 -1.16984 
13.5 0.580783 -0.36585 -1.18145 
13.52 0.564423 -0.374716 -1.19274 
13.54 0.548018 -0.383452 -1.2037 
13.56 0.531572 -0.392056 -1.21433 
13.58 0.51509 -0.400528 -1.22463 
13.6 0.498575 -0.408865 -1.2346 
13.62 0.482032 -0.417067 -1.24425 
13.64 0.465463 -0.425133 -1.25355 
13.66 0.448874 -0.433061 -1.26253 
13.68 0.432267 -0.440851 -1.27118 
13.7 0.415647 -0.448501 -1.27949 
13.72 0.399018 -0.45601 -1.28747 
13.74 0.382383 -0.463377 -1.29512 
13.76 0.365747 -0.470602 -1.30243 
13.78 0.349112 -0.477683 -1.30942 
13.8 0.332483 -0.484619 -1.31607 
13.82 0.315864 -0.49141 -1.32238 
13.84 0.299258 -0.498056 -1.32837 
13.86 0.282668 -0.504554 -1.33402 
13.88 0.266099 -0.510904 -1.33934 
13.9 0.249555 -0.517107 -1.34433 
13.92 0.233038 -0.52316 -1.34899 
13.94 0.216553 -0.529064 -1.35333 
13.96 0.200103 -0.534818 -1.35733 
13.98 0.183691 -0.540421 -1.361 
14 0.167322 -0.545873 -1.36435 
14.02 0.150998 -0.551174 -1.36737 
14.04 0.134723 -0.556322 -1.37006 
14.06 0.118501 -0.561318 -1.37243 
14.08 0.102334 -0.566161 -1.37448 
14.1 0.0862272 -0.570851 -1.3762 
14.12 0.0701829 -0.575388 -1.37761 
14.14 0.0542044 -0.579771 -1.37869 
14.16 0.0382953 -0.584 -1.37946 
14.18 0.0224587 -0.588075 -1.37991 
14.2 0.00669777 -0.591996 -1.38004 
14.22 -0.0089842 -0.595763 -1.37986 
14.24 -0.0245841 -0.599375 -1.37937 
14.26 -0.0400988 -0.602833 -1.37857 
14.28 -0.0555252 -0.606137 -1.37746 
14.3 -0.0708602 -0.609286 -1.37604 
14.32 -0.0861009 -0.612281 -1.37432 
14.34 -0.101244 -0.615122 -1.37229 
14.36 -0.116288 -0.617809 -1.36997 
14.38 -0.131228 -0.620342 -1.36734 
14.4 -0.146061 -0.622722 -1.36442 
14.42 -0.160787 -0.624948 -1.36121 
14.44 -0.1754 -0.627021 -1.3577 
14.46 -0.189899 -0.628942 -1.3539 
14.48 -0.204281 -0.630709 -1.34981 
14.5 -0.218544 -0.632325 -1.34544 
14.52 -0.232684 -0.633789 -1.34079 
14.54 -0.246699 -0.635102 -1.33586 
14.56 -0.260586 -0.636265 -1.33064 
14.58 -0.274344 -0.637277 -1.32516 
14.6 -0.287969 -0.638139 -1.3194 
14.62 -0.301459 -0.638852 -1.31337 
14.64 -0.314813 -0.639417 -1.30707 
14.66 -0.328026 -0.639834 -1.30051 
14.68 -0.341098 -0.640104 -1.29369 
14.7 -0.354025 -0.640227 -1.28661 
14.72 -0.366807 -0.640204 -1.27927 
14.74 -0.37944 -0.640036 -1.27168 
14.76 -0.391922 -0.639724 -1.26385 
14.78 -0.404252 -0.639269 -1.25576 
14.8 -0.416427 -0.638671 -1.24743 
14.82 -0.428446 -0.637931 -1.23886 
14.84 -0.440306 -0.63705 -1.23006 
14.86 -0.452006 -0.636029 -1.22102 
14.88 -0.463543 -0.634869 -1.21175 
14.9 -0.474917 -0.633571 -1.20225 
14.92 -0.486125 -0.632136 -1.19253 
14.94 -0.497165 -0.630565 -1.18258 
14.96 -0.508036 -0.628859 -1.17242 
14.98 -0.518737 -0.627019 -1.16205 
15 -0.529265 -0.625047 -1.15146 
15.02 -0.53962 -0.622942 -1.14067 
15.04 -0.549799 -0.620708 -1.12967 
15.06 -0.559802 -0.618343 -1.11848 
15.08 -0.569626 -0.615851 -1.10708 
15.1 -0.579272 -0.613232 -1.0955 
15.12 -0.588736 -0.610487 -1.08372 
15.14 -0.598019 -0.607617 -1.07176 
15.16 -0.607119 -0.604625 -1.05962 
15.18 -0.616035 -0.60151 -1.0473 
15.2 -0.624765 -0.598275 -1.03481 
15.22 -0.63331 -0.594921 -1.02214 
15.24 -0.641667 -0.591449 -1.00931 
15.26 -0.649836 -0.587861 -0.996309 
15.28 -0.657816 -0.584158 -0.983153 
15.3 -0.665606 -0.580341 -0.96984 
15.32 -0.673205 -0.576412 -0.956376 
15.34 -0.680613 -0.572373 -0.942764 
15.36 -0.687829 -0.568224 -0.929007 
15.38 -0.694851 -0.563967 -0.91511 
15.4 -0.701681 -0.559605 -0.901077 
15.42 -0.708316 -0.555137 -0.886911 
15.44 -0.714757 -0.550567 -0.872615 
15.46 -0.721003 -0.545895 -0.858195 
15.48 -0.727054 -0.541123 -0.843654 
15.5 -0.732909 -0.536253 -0.828996 
15.52 -0.738568 -0.531286 -0.814225 
15.54 -0.74403 -0.526224 -0.799344 
15.56 -0.749296 -0.521068 -0.784358 
15.58 -0.754365 -0.515821 -0.769271 
15.6 -0.759237 -0.510483 -0.754086 
15.62 -0.763912 -0.505057 -0.738808 
15.64 -0.76839 -0.499544 -0.72344 
15.66 -0.772671 -0.493946 -0.707987 
15.68 -0.776754 -0.488265 -0.692452 
15.7 -0.780641 -0.482501 -0.676839 
15.72 -0.784331 -0.476658 -0.661152 
15.74 -0.787824 -0.470737 -0.645396 
15.76 -0.791121 -0.464738 -0.629573 
15.78 -0.794221 -0.458666 -0.613689 
15.8 -0.797126 -0.45252 -0.597746 
15.82 -0.799835 -0.446303 -0.58175 
15.84 -0.802348 -0.440016 -0.565703 
15.86 -0.804667 -0.433662 -0.549609 
15.88 -0.806792 -0.427242 -0.533473 
15.9 -0.808723 -0.420757 -0.517299 
15.92 -0.810461 -0.414211 -0.50109 
15.94 -0.812005 -0.407603 -0.48485 
15.96 -0.813358 -0.400938 -0.468583 
15.98 -0.81452 -0.394215 -0.452292 
16 -0.815491 -0.387437 -0.435982 
16.02 -0.816272 -0.380606 -0.419657 
16.04 -0.816864 -0.373723 -0.40332 
16.06 -0.817267 -0.366791 -0.386974 
16.08 -0.817484 -0.359811 -0.370625 
16.1 -0.817513 -0.352785 -0.354274 
16.12 -0.817358 -0.345715 -0.337927 
16.14 -0.817017 -0.338603 -0.321587 
16.16 -0.816493 -0.33145 -0.305257 
16.18 -0.815787 -0.324259 -0.288941 
16.2 -0.814899 -0.31703 -0.272643 
16.22 -0.813831 -0.309767 -0.256367 
16.24 -0.812584 -0.30247 -0.240115 
16.26 -0.811159 -0.295142 -0.223892 
16.28 -0.809558 -0.287785 -0.207701 
16.3 -0.80778 -0.2804 -0.191545 
16.32 -0.805829 -0.272989 -0.175428 
16.34 -0.803705 -0.265554 -0.159354 
16.36 -0.80141 -0.258097 -0.143326 
16.38 -0.798944 -0.250619 -0.127347 
16.4 -0.79631 -0.243122 -0.111421 
16.42 -0.793509 -0.235609 -0.0955508 
16.44 -0.790542 -0.228081 -0.07974 
16.46 -0.787411 -0.220539 -0.0639917 
16.48 -0.784118 -0.212986 -0.0483094 
16.5 -0.780663 -0.205423 -0.0326961 
16.52 -0.77705 -0.197852 -0.0171551 
16.54 -0.773278 -0.190274 -0.00168955 
16.56 -0.76935 -0.182693 0.0136975 
16.58 -0.765268 -0.175108 0.0290028 
16.6 -0.761033 -0.167523 0.0442235 
16.62 -0.756647 -0.159938 0.0593564 
16.64 -0.752112 -0.152356 0.0743986 
16.66 -0.747429 -0.144778 0.0893472 
16.68 -0.742601 -0.137206 0.104199 
16.7 -0.737629 -0.129641 0.118952 
16.72 -0.732516 -0.122086 0.133602 
16.74 -0.727262 -0.114541 0.148147 
16.76 -0.72187 -0.107009 0.162585 
16.78 -0.716342 -0.0994912 0.176912 
16.8 -0.71068 -0.0919891 0.191125 
16.82 -0.704885 -0.0845044 0.205223 
16.84 -0.69896 -0.0770389 0.219202 
16.86 -0.692907 -0.0695939 0.23306 
16.88 -0.686728 -0.0621711 0.246795 
16.9 -0.680424 -0.0547722 0.260403 
16.92 -0.673999 -0.0473986 0.273883 
16.94 -0.667453 -0.0400519 0.287232 
16.96 -0.660789 -0.0327336 0.300448 
16.98 -0.65401 -0.0254452 0.313528 
17 -0.647117 -0.0181882 0.326471 
17.02 -0.640112 -0.0109642 0.339273 
17.04 -0.632998 -0.00377457 0.351933 
17.06 -0.625776 0.00337923 0.364448 
17.08 -0.61845 0.0104957 0.376817 
17.1 -0.611021 0.0175736 0.389038 
17.12 -0.603491 0.0246113 0.401108 
17.14 -0.595863 0.0316075 0.413025 
17.16 -0.588138 0.0385608 0.424788 
17.18 -0.580319 0.0454699 0.436394 
17.2 -0.572409 0.0523334 0.447842 
17.22 -0.56441 0.05915 0.45913 
17.24 -0.556323 0.0659184 0.470257 
17.26 -0.548151 0.0726373 0.48122 
17.28 -0.539897 0.0793054 0.492018 
17.3 -0.531562 0.0859216 0.502649 
17.32 -0.52315 0.0924844 0.513112 
17.34 -0.514662 0.0989928 0.523405 
17.36 -0.5061 0.105446 0.533527 
17.38 -0.497467 0.111841 0.543477 
17.4 -0.488766 0.118179 0.553252 
17.42 -0.479998 0.124458 0.562852 
17.44 -0.471166 0.130676 0.572275 
17.46 -0.462272 0.136834 0.581521 
17.48 -0.453319 0.142928 0.590587 
17.5 -0.444309 0.148959 0.599473 
17.52 -0.435244 0.154926 0.608178 
17.54 -0.426126 0.160827 0.616701 
17.56 -0.416959 0.166661 0.62504 
17.58 -0.407743 0.172428 0.633195 
17.6 -0.398483 0.178126 0.641164 
17.62 -0.389179 0.183755 0.648948 
17.64 -0.379834 0.189313 0.656545 
17.66 -0.370451 0.1948 0.663954 
17.68 -0.361032 0.200215 0.671174 
17.7 -0.351579 0.205557 0.678206 
17.72 -0.342094 0.210825 0.685048 
17.74 -0.332581 0.216018 0.691699 
17.76 -0.32304 0.221136 0.69816 
17.78 -0.313475 0.226177 0.70443 
17.8 -0.303888 0.231142 0.710507 
17.82 -0.294281 0.236029 0.716393 
17.84 -0.284656 0.240837 0.722086 
17.86 -0.275015 0.245566 0.727586 
17.88 -0.265362 0.250215 0.732894 
17.9 -0.255697 0.254784 0.738008 
17.92 -0.246024 0.259272 0.742928 
17.94 -0.236345 0.263678 0.747655 
17.96 -0.226661 0.268001 0.752188 
17.98 -0.216975 0.272242 0.756528 
18 -0.20729 0.2764 0.760674 
18.02 -0.197607 0.280473 0.764626 
18.04 -0.187928 0.284463 0.768384 
18.06 -0.178257 0.288367 0.771949 
18.08 -0.168594 0.292186 0.775321 
18.1 -0.158942 0.295919 0.7785 
18.12 -0.149304 0.299566 0.781486 
18.14 -0.139681 0.303127 0.78428 
18.16 -0.130075 0.3066 0.786881 
18.18 -0.120489 0.309987 0.789291 
18.2 -0.110925 0.313285 0.79151 
18.22 -0.101384 0.316496 0.793537 
18.24 -0.0918686 0.319619 0.795375 
18.26 -0.0823812 0.322653 0.797022 
18.28 -0.0729236 0.325599 0.798481 
18.3 -0.0634977 0.328456 0.799751 
18.32 -0.0541055 0.331224 0.800833 
18.34 -0.044749 0.333902 0.801728 
18.36 -0.0354301 0.336491 0.802436 
18.38 -0.0261507 0.338991 0.802959 
18.4 -0.0169128 0.341401 0.803298 
18.42 -0.00771817 0.343721 0.803452 
18.44 0.00143128 0.345951 0.803423 
18.46 0.0105337 0.348092 0.803213 
18.48 0.0195873 0.350142 0.802821 
18.5 0.0285902 0.352103 0.802249 
18.52 0.0375407 0.353974 0.801498 
18.54 0.0464369 0.355756 0.80057 
18.56 0.0552773 0.357447 0.799464 
18.58 0.06406 0.359049 0.798183 
18.6 0.0727833 0.360561 0.796727 
18.62 0.0814456 0.361983 0.795098 
18.64 0.0900452 0.363317 0.793297 
18.66 0.0985805 0.364561 0.791326 
18.68 0.10705 0.365716 0.789185 
18.7 0.115452 0.366782 0.786876 
18.72 0.123785 0.36776 0.7844 
18.74 0.132047 0.368649 0.781759 
18.76 0.140237 0.36945 0.778954 
18.78 0.148353 0.370163 0.775987 
18.8 0.156395 0.370789 0.772859 
18.82 0.16436 0.371327 0.769572 
18.84 0.172247 0.371779 0.766127 
18.86 0.180054 0.372143 0.762526 
18.88 0.187781 0.372422 0.758771 
18.9 0.195426 0.372615 0.754862 
18.92 0.202988 0.372722 0.750802 
18.94 0.210465 0.372744 0.746593 
18.96 0.217856 0.372681 0.742236 
18.98 0.22516 0.372535 0.737733 
19 0.232375 0.372304 0.733085 
19.02 0.239502 0.37199 0.728295 
19.04 0.246537 0.371594 0.723364 
19.06 0.253481 0.371115 0.718295 
19.08 0.260331 0.370555 0.713088 
19.1 0.267088 0.369913 0.707746 
19.12 0.27375 0.369191 0.702271 
19.14 0.280315 0.368389 0.696665 
19.16 0.286783 0.367507 0.690929 
19.18 0.293154 0.366547 0.685066 
19.2 0.299425 0.365508 0.679078 
19.22 0.305597 0.364391 0.672966 
19.24 0.311667 0.363198 0.666733 
19.26 0.317636 0.361929 0.66038 
19.28 0.323503 0.360583 0.65391 
19.3 0.329266 0.359163 0.647324 
19.32 0.334925 0.357669 0.640626 
19.34 0.34048 0.356101 0.633816 
19.36 0.345928 0.354461 0.626898 
19.38 0.351271 0.352748 0.619872 
19.4 0.356506 0.350965 0.612742 
19.42 0.361634 0.34911 0.60551 
19.44 0.366654 0.347187 0.598176 
19.46 0.371565 0.345194 0.590745 
19.48 0.376367 0.343133 0.583218 
19.5 0.381059 0.341004 0.575597 
19.52 0.38564 0.33881 0.567884 
19.54 0.390111 0.336549 0.560082 
19.56 0.39447 0.334224 0.552192 
19.58 0.398718 0.331835 0.544218 
19.6 0.402853 0.329383 0.536161 
19.62 0.406877 0.326869 0.528023 
19.64 0.410787 0.324293 0.519808 
19.66 0.414584 0.321657 0.511516 
19.68 0.418268 0.318962 0.50315 
19.7 0.421838 0.316208 0.494714 
19.72 0.425294 0.313396 0.486208 
19.74 0.428636 0.310528 0.477635 
19.76 0.431864 0.307604 0.468998 
19.78 0.434978 0.304625 0.460298 
19.8 0.437977 0.301592 0.451539 
19.82 0.440861 0.298506 0.442722 
19.84 0.443631 0.295368 0.433849 
19.86 0.446285 0.292179 0.424923 
19.88 0.448826 0.288941 0.415947 
19.9 0.451251 0.285653 0.406922 
19.92 0.453562 0.282317 0.39785 
19.94 0.455758 0.278935 0.388735 
19.96 0.457839 0.275506 0.379579 
19.98 0.459806 0.272032 0.370382 
20 0.461659 0.268515 0.361149 
