t 1 2 jL0100 
0 -10 -10 2e-10
0.02 -9.80148 -9.60444 0.198511
0.04 -9.60749 -9.22255 0.392424
0.06 -9.41701 -8.85134 0.582664
0.08 -9.23008 -8.49101 0.769129
0.1 -9.04655 -8.14118 0.951889
0.12 -8.86631 -7.80153 1.13101
0.14 -8.68921 -7.47171 1.30656
0.16 -8.51514 -7.15142 1.4786
0.18 -8.34397 -6.84035 1.64719
0.2 -8.1756 -6.53821 1.81238
0.22 -8.00991 -6.24471 1.97423
0.24 -7.84681 -5.95958 2.13279
0.26 -7.68619 -5.68254 2.28812
0.28 -7.52795 -5.41336 2.44026
0.3 -7.37201 -5.15179 2.58925
0.32 -7.21828 -4.89757 2.73515
0.34 -7.06668 -4.6505 2.878
0.36 -6.91712 -4.41034 3.01783
0.38 -6.76952 -4.17689 3.1547
0.4 -6.62383 -3.94994 3.28863
0.42 -6.47996 -3.72928 3.41966
0.44 -6.33785 -3.51474 3.54784
0.46 -6.19743 -3.30613 3.67319
0.48 -6.05866 -3.10327 3.79574
0.5 -5.92146 -2.90598 3.91554
0.52 -5.78578 -2.71411 4.03261
0.54 -5.65157 -2.5275 4.14698
0.56 -5.51878 -2.34598 4.25868
0.58 -5.38737 -2.16942 4.36774
0.6 -5.25728 -1.99767 4.47419
0.62 -5.12848 -1.8306 4.57804
0.64 -5.00092 -1.66806 4.67934
0.66 -4.87457 -1.50994 4.77809
0.68 -4.74939 -1.3561 4.87433
0.7 -4.62534 -1.20644 4.96807
0.72 -4.5024 -1.06083 5.05935
0.74 -4.38053 -0.91916 5.14817
0.76 -4.2597 -0.781332 5.23458
0.78 -4.13988 -0.647237 5.31857
0.8 -4.02105 -0.516777 5.40018
0.82 -3.90319 -0.389856 5.47942
0.84 -3.78628 -0.266382 5.55631
0.86 -3.67028 -0.146264 5.63087
0.88 -3.55518 -0.0294174 5.70313
0.9 -3.44097 0.0842416 5.77309
0.92 -3.32762 0.194793 5.84077
0.94 -3.21513 0.302314 5.9062
0.96 -3.10346 0.40688 5.96938
0.98 -2.99262 0.508563 6.03034
1 -2.88259 0.607432 6.08909
1.02 -2.77335 0.703554 6.14565
1.04 -2.6649 0.796995 6.20003
1.06 -2.55723 0.887816 6.25225
1.08 -2.45032 0.976079 6.30233
1.1 -2.34418 1.06184 6.35027
1.12 -2.23878 1.14516 6.3961
1.14 -2.13414 1.22609 6.43983
1.16 -2.03023 1.30468 6.48147
1.18 -1.92706 1.38099 6.52104
1.2 -1.82463 1.45506 6.55856
1.22 -1.72292 1.52694 6.59403
1.24 -1.62194 1.59668 6.62748
1.26 -1.52169 1.66432 6.65891
1.28 -1.42216 1.72991 6.68835
1.3 -1.32335 1.79348 6.71581
1.32 -1.22527 1.85508 6.74129
1.34 -1.1279 1.91474 6.76482
1.36 -1.03126 1.9725 6.78641
1.38 -0.935348 2.02841 6.80608
1.4 -0.840158 2.08248 6.82383
1.42 -0.745695 2.13477 6.83969
1.44 -0.651962 2.1853 6.85366
1.46 -0.558961 2.2341 6.86577
1.48 -0.466696 2.28121 6.87603
1.5 -0.37517 2.32666 6.88444
1.52 -0.284386 2.37047 6.89104
1.54 -0.194349 2.41267 6.89582
1.56 -0.105061 2.4533 6.89882
1.58 -0.0165292 2.49237 6.90003
1.6 0.0712435 2.52992 6.89948
1.62 0.158252 2.56596 6.89719
1.64 0.244491 2.60054 6.89316
1.66 0.329955 2.63366 6.88741
1.68 0.414639 2.66535 6.87996
1.7 0.498538 2.69563 6.87083
1.72 0.581645 2.72454 6.86003
1.74 0.663956 2.75208 6.84757
1.76 0.745463 2.77828 6.83348
1.78 0.826161 2.80316 6.81776
1.8 0.906045 2.82674 6.80043
1.82 0.985107 2.84905 6.78152
1.84 1.06334 2.87009 6.76104
1.86 1.14074 2.88989 6.73899
1.88 1.2173 2.90846 6.71541
1.9 1.29302 2.92583 6.69031
1.92 1.36788 2.94201 6.6637
1.94 1.44188 2.95702 6.6356
1.96 1.51502 2.97088 6.60603
1.98 1.58729 2.9836 6.575
2 1.65868 2.9952 6.54254
2.02 1.72918 3.00569 6.50866
2.04 1.79879 3.0151 6.47338
2.06 1.86751 3.02342 6.43672
2.08 1.93532 3.0307 6.39869
2.1 2.00223 3.03692 6.35931
2.12 2.06822 3.04212 6.3186
2.14 2.13328 3.0463 6.27659
2.16 2.19742 3.04948 6.23328
2.18 2.26063 3.05168 6.1887
2.2 2.3229 3.0529 6.14286
2.22 2.38423 3.05316 6.09579
2.24 2.44461 3.05248 6.0475
2.26 2.50403 3.05087 5.99801
2.28 2.56249 3.04834 5.94734
2.3 2.61999 3.0449 5.89551
2.32 2.67651 3.04057 5.84255
2.34 2.73206 3.03536 5.78846
2.36 2.78664 3.02929 5.73327
2.38 2.84022 3.02235 5.677
2.4 2.89282 3.01458 5.61967
2.42 2.94442 3.00598 5.5613
2.44 2.99503 2.99656 5.5019
2.46 3.04464 2.98633 5.4415
2.48 3.09324 2.97532 5.38012
2.5 3.14083 2.96352 5.31778
2.52 3.18741 2.95095 5.25449
2.54 3.23297 2.93763 5.19029
2.56 3.27751 2.92356 5.12518
2.58 3.32103 2.90875 5.0592
2.6 3.36353 2.89323 4.99235
2.62 3.405 2.87699 4.92466
2.64 3.44543 2.86006 4.85616
2.66 3.48484 2.84244 4.78685
2.68 3.52321 2.82414 4.71677
2.7 3.56054 2.80518 4.64593
2.72 3.59684 2.78557 4.57435
2.74 3.6321 2.76531 4.50206
2.76 3.66631 2.74443 4.42908
2.78 3.69948 2.72293 4.35542
2.8 3.73161 2.70081 4.2811
2.82 3.76269 2.67811 4.20616
2.84 3.79273 2.65482 4.1306
2.86 3.82172 2.63095 4.05446
2.88 3.84967 2.60652 3.97774
2.9 3.87657 2.58154 3.90048
2.92 3.90243 2.55602 3.82269
2.94 3.92724 2.52997 3.74439
2.96 3.95101 2.5034 3.6656
2.98 3.97373 2.47633 3.58635
3 3.99541 2.44875 3.50666
3.02 4.01604 2.4207 3.42654
3.04 4.03564 2.39216 3.34603
3.06 4.0542 2.36317 3.26513
3.08 4.07172 2.33372 3.18387
3.1 4.08821 2.30383 3.10226
3.12 4.10366 2.27351 3.02034
3.14 4.11808 2.24277 2.93812
3.16 4.13147 2.21161 2.85563
3.18 4.14384 2.18007 2.77287
3.2 4.15519 2.14813 2.68988
3.22 4.16551 2.11581 2.60667
3.24 4.17482 2.08313 2.52327
3.26 4.18312 2.0501 2.43969
3.28 4.19041 2.01672 2.35595
3.3 4.19669 1.983 2.27208
3.32 4.20197 1.94896 2.18809
3.34 4.20626 1.91461 2.104
3.36 4.20955 1.87996 2.01984
3.38 4.21185 1.84501 1.93563
3.4 4.21317 1.80979 1.85138
3.42 4.21352 1.77429 1.76711
3.44 4.21289 1.73853 1.68284
3.46 4.21129 1.70252 1.5986
3.48 4.20873 1.66628 1.5144
3.5 4.20522 1.6298 1.43026
3.52 4.20075 1.59311 1.34619
3.54 4.19535 1.5562 1.26223
3.56 4.189 1.5191 1.17839
3.58 4.18172 1.48181 1.09468
3.6 4.17351 1.44435 1.01112
3.62 4.16439 1.40671 0.927744
3.64 4.15436 1.36892 0.844555
3.66 4.14342 1.33099 0.761576
3.68 4.13158 1.29291 0.678824
3.7 4.11886 1.25471 0.596318
3.72 4.10525 1.21639 0.514076
3.74 4.09077 1.17796 0.432114
3.76 4.07542 1.13944 0.350451
3.78 4.05921 1.10083 0.269103
3.8 4.04215 1.06214 0.188088
3.82 4.02425 1.02339 0.107423
3.84 4.00552 0.984571 0.0271235
3.86 3.98596 0.945708 -0.0527926
3.88 3.96558 0.906806 -0.132309
3.9 3.9444 0.867875 -0.21141
3.92 3.92241 0.828923 -0.29008
3.94 3.89964 0.789961 -0.368302
3.96 3.87608 0.750997 -0.44606
3.98 3.85176 0.712042 -0.52334
4 3.82667 0.673103 -0.600125
4.02 3.80083 0.634191 -0.676402
4.04 3.77425 0.595315 -0.752154
4.06 3.74694 0.556483 -0.827367
4.08 3.7189 0.517705 -0.902027
4.1 3.69015 0.478988 -0.976118
4.12 3.6607 0.440344 -1.04963
4.14 3.63056 0.401779 -1.12254
4.16 3.59973 0.363303 -1.19485
4.18 3.56823 0.324924 -1.26653
4.2 3.53608 0.28665 -1.33757
4.22 3.50327 0.248492 -1.40797
4.24 3.46982 0.210455 -1.4777
4.26 3.43575 0.17255 -1.54675
4.28 3.40105 0.134784 -1.61512
4.3 3.36575 0.0971651 -1.68279
4.32 3.32986 0.0597017 -1.74975
4.34 3.29338 0.0224016 -1.81598
4.36 3.25633 -0.0147271 -1.88148
4.38 3.21871 -0.0516768 -1.94623
4.4 3.18055 -0.0884397 -2.01023
4.42 3.14185 -0.125008 -2.07345
4.44 3.10262 -0.161375 -2.1359
4.46 3.06287 -0.197532 -2.19755
4.48 3.02262 -0.233472 -2.25841
4.5 2.98188 -0.269188 -2.31845
4.52 2.94065 -0.304672 -2.37768
4.54 2.89896 -0.339919 -2.43608
4.56 2.85681 -0.37492 -2.49363
4.58 2.81421 -0.409668 -2.55035
4.6 2.77119 -0.444158 -2.6062
4.62 2.72774 -0.478381 -2.66119
4.64 2.68388 -0.512333 -2.71531
4.66 2.63962 -0.546005 -2.76854
4.68 2.59498 -0.579392 -2.82089
4.7 2.54997 -0.612487 -2.87234
4.72 2.50459 -0.645284 -2.92289
4.74 2.45887 -0.677778 -2.97252
4.76 2.4128 -0.709961 -3.02124
4.78 2.36642 -0.741828 -3.06903
4.8 2.31972 -0.773374 -3.11589
4.82 2.27272 -0.804592 -3.16182
4.84 2.22544 -0.835477 -3.2068
4.86 2.17787 -0.866024 -3.25083
4.88 2.13005 -0.896227 -3.29391
4.9 2.08197 -0.926081 -3.33603
4.92 2.03365 -0.95558 -3.37719
4.94 1.98511 -0.98472 -3.41738
4.96 1.93635 -1.0135 -3.45659
4.98 1.88739 -1.0419 -3.49483
5 1.83824 -1.06994 -3.53209
5.02 1.78891 -1.09759 -3.56836
5.04 1.73941 -1.12486 -3.60364
5.06 1.68976 -1.15175 -3.63793
5.08 1.63997 -1.17824 -3.67123
5.1 1.59004 -1.20433 -3.70353
5.12 1.54 -1.23003 -3.73483
5.14 1.48986 -1.25532 -3.76513
5.16 1.43962 -1.28021 -3.79443
5.18 1.38929 -1.30468 -3.82272
5.2 1.3389 -1.32874 -3.85
5.22 1.28845 -1.35238 -3.87627
5.24 1.23795 -1.3756 -3.90153
5.26 1.18741 -1.39839 -3.92579
5.28 1.13685 -1.42076 -3.94903
5.3 1.08629 -1.44269 -3.97126
5.32 1.03572 -1.46419 -3.99248
5.34 0.985158 -1.48526 -4.01269
5.36 0.934622 -1.50588 -4.03189
5.38 0.884121 -1.52606 -4.05008
5.4 0.833665 -1.5458 -4.06725
5.42 0.783267 -1.56509 -4.08342
5.44 0.732936 -1.58393 -4.09859
5.46 0.682684 -1.60232 -4.11274
5.48 0.632522 -1.62025 -4.12589
5.5 0.582462 -1.63773 -4.13804
5.52 0.532513 -1.65475 -4.14919
5.54 0.482688 -1.67132 -4.15934
5.56 0.432996 -1.68742 -4.1685
5.58 0.383448 -1.70306 -4.17667
5.6 0.334055 -1.71824 -4.18384
5.62 0.284828 -1.73296 -4.19003
5.64 0.235776 -1.74721 -4.19523
5.66 0.18691 -1.76099 -4.19946
5.68 0.13824 -1.77431 -4.20271
5.7 0.0897772 -1.78715 -4.20499
5.72 0.0415303 -1.79953 -4.2063
5.74 -0.00649039 -1.81144 -4.20665
5.76 -0.054275 -1.82288 -4.20605
5.78 -0.101814 -1.83385 -4.20449
5.8 -0.149097 -1.84435 -4.20198
5.82 -0.196115 -1.85438 -4.19852
5.84 -0.242859 -1.86394 -4.19413
5.86 -0.28932 -1.87303 -4.18881
5.88 -0.335487 -1.88165 -4.18256
5.9 -0.381353 -1.8898 -4.17539
5.92 -0.426908 -1.89749 -4.16731
5.94 -0.472143 -1.9047 -4.15832
5.96 -0.51705 -1.91144 -4.14843
5.98 -0.56162 -1.91772 -4.13764
6 -0.605844 -1.92353 -4.12596
6.02 -0.649714 -1.92888 -4.11341
6.04 -0.693222 -1.93376 -4.09998
6.06 -0.73636 -1.93818 -4.08568
6.08 -0.77912 -1.94213 -4.07053
6.1 -0.821494 -1.94563 -4.05452
6.12 -0.863473 -1.94866 -4.03767
6.14 -0.905051 -1.95124 -4.01998
6.16 -0.94622 -1.95336 -4.00147
6.18 -0.986973 -1.95503 -3.98214
6.2 -1.0273 -1.95625 -3.96199
6.22 -1.0672 -1.95701 -3.94105
6.24 -1.10666 -1.95733 -3.91931
6.26 -1.14568 -1.9572 -3.89678
6.28 -1.18424 -1.95662 -3.87348
6.3 -1.22235 -1.95561 -3.84942
6.32 -1.25999 -1.95415 -3.82459
6.34 -1.29717 -1.95226 -3.79902
6.36 -1.33386 -1.94993 -3.77271
6.38 -1.37007 -1.94718 -3.74567
6.4 -1.4058 -1.94399 -3.71791
6.42 -1.44103 -1.94037 -3.68944
6.44 -1.47576 -1.93634 -3.66027
6.46 -1.50998 -1.93188 -3.63041
6.48 -1.5437 -1.927 -3.59988
6.5 -1.5769 -1.92171 -3.56867
6.52 -1.60958 -1.91601 -3.5368
6.54 -1.64173 -1.90991 -3.50429
6.56 -1.67335 -1.90339 -3.47114
6.58 -1.70444 -1.89648 -3.43736
6.6 -1.73498 -1.88917 -3.40296
6.62 -1.76499 -1.88147 -3.36796
6.64 -1.79444 -1.87337 -3.33237
6.66 -1.82335 -1.86489 -3.29619
6.68 -1.85169 -1.85603 -3.25944
6.7 -1.87948 -1.84679 -3.22213
6.72 -1.9067 -1.83717 -3.18426
6.74 -1.93336 -1.82719 -3.14586
6.76 -1.95945 -1.81684 -3.10693
6.78 -1.98497 -1.80612 -3.06749
6.8 -2.0099 -1.79505 -3.02754
6.82 -2.03426 -1.78362 -2.98709
6.84 -2.05804 -1.77184 -2.94617
6.86 -2.08124 -1.75972 -2.90478
6.88 -2.10384 -1.74726 -2.86293
6.9 -2.12586 -1.73446 -2.82063
6.92 -2.14729 -1.72133 -2.77789
6.94 -2.16812 -1.70787 -2.73474
6.96 -2.18836 -1.69409 -2.69117
6.98 -2.20801 -1.67999 -2.64721
7 -2.22705 -1.66558 -2.60286
7.02 -2.2455 -1.65086 -2.55813
7.04 -2.26334 -1.63584 -2.51304
7.06 -2.28059 -1.62052 -2.4676
7.08 -2.29723 -1.6049 -2.42182
7.1 -2.31326 -1.589 -2.37572
7.12 -2.32869 -1.57281 -2.3293
7.14 -2.34352 -1.55635 -2.28257
7.16 -2.35774 -1.53961 -2.23556
7.18 -2.37136 -1.5226 -2.18827
7.2 -2.38437 -1.50533 -2.14071
7.22 -2.39677 -1.48781 -2.0929
7.24 -2.40857 -1.47003 -2.04484
7.26 -2.41977 -1.452 -1.99656
7.28 -2.43036 -1.43373 -1.94805
7.3 -2.44034 -1.41523 -1.89935
7.32 -2.44972 -1.39649 -1.85045
7.34 -2.4585 -1.37753 -1.80136
7.36 -2.46667 -1.35834 -1.75211
7.38 -2.47425 -1.33894 -1.7027
7.4 -2.48123 -1.31934 -1.65314
7.42 -2.4876 -1.29953 -1.60345
7.44 -2.49338 -1.27951 -1.55364
7.46 -2.49857 -1.25931 -1.50372
7.48 -2.50316 -1.23892 -1.4537
7.5 -2.50716 -1.21835 -1.4036
7.52 -2.51057 -1.1976 -1.35342
7.54 -2.51339 -1.17668 -1.30318
7.56 -2.51563 -1.15559 -1.25289
7.58 -2.51729 -1.13435 -1.20256
7.6 -2.51836 -1.11295 -1.1522
7.62 -2.51886 -1.0914 -1.10183
7.64 -2.51878 -1.06971 -1.05145
7.66 -2.51813 -1.04789 -1.00108
7.68 -2.51691 -1.02593 -0.950731
7.7 -2.51512 -1.00384 -0.900409
7.72 -2.51277 -0.981638 -0.85013
7.74 -2.50986 -0.959319 -0.799902
7.76 -2.5064 -0.93689 -0.749739
7.78 -2.50238 -0.914359 -0.69965
7.8 -2.49781 -0.891729 -0.649647
7.82 -2.4927 -0.869008 -0.599741
7.84 -2.48704 -0.8462 -0.549943
7.86 -2.48085 -0.823312 -0.500263
7.88 -2.47412 -0.800348 -0.450713
7.9 -2.46686 -0.777314 -0.401302
7.92 -2.45908 -0.754217 -0.352042
7.94 -2.45078 -0.73106 -0.302942
7.96 -2.44196 -0.707851 -0.254014
7.98 -2.43262 -0.684595 -0.205268
8 -2.42279 -0.661296 -0.156713
8.02 -2.41244 -0.637961 -0.10836
8.04 -2.4016 -0.614596 -0.0602182
8.06 -2.39027 -0.591204 -0.0122987
8.08 -2.37845 -0.567793 0.0353893
8.1 -2.36614 -0.544367 0.082836
8.12 -2.35336 -0.520932 0.130032
8.14 -2.34011 -0.497493 0.176967
8.16 -2.32639 -0.474056 0.223633
8.18 -2.3122 -0.450625 0.27002
8.2 -2.29756 -0.427207 0.316118
8.22 -2.28247 -0.403806 0.361919
8.24 -2.26693 -0.380427 0.407414
8.26 -2.25096 -0.357077 0.452594
8.28 -2.23455 -0.333759 0.497449
8.3 -2.21771 -0.31048 0.541973
8.32 -2.20045 -0.287243 0.586155
8.34 -2.18278 -0.264056 0.629988
8.36 -2.16469 -0.240921 0.673463
8.38 -2.14621 -0.217845 0.716573
8.4 -2.12732 -0.194832 0.759309
8.42 -2.10804 -0.171888 0.801663
8.44 -2.08838 -0.149016 0.843628
8.46 -2.06834 -0.126223 0.885196
8.48 -2.04792 -0.103512 0.926359
8.5 -2.02715 -0.0808891 0.96711
8.52 -2.00601 -0.0583582 1.00744
8.54 -1.98452 -0.0359243 1.04735
8.56 -1.96268 -0.0135919 1.08682
8.58 -1.9405 0.00863437 1.12585
8.6 -1.91799 0.03075 1.16444
8.62 -1.89516 0.0527504 1.20257
8.64 -1.872 0.0746313 1.24024
8.66 -1.84853 0.0963882 1.27745
8.68 -1.82476 0.118017 1.31418
8.7 -1.80069 0.139513 1.35044
8.72 -1.77633 0.160872 1.38621
8.74 -1.75168 0.18209 1.42149
8.76 -1.72675 0.203163 1.45627
8.78 -1.70156 0.224086 1.49056
8.8 -1.6761 0.244857 1.52433
8.82 -1.65038 0.26547 1.5576
8.84 -1.62441 0.285922 1.59035
8.86 -1.5982 0.306209 1.62257
8.88 -1.57176 0.326327 1.65427
8.9 -1.54509 0.346272 1.68544
8.92 -1.5182 0.366042 1.71608
8.94 -1.49109 0.385631 1.74617
8.96 -1.46378 0.405037 1.77572
8.98 -1.43627 0.424255 1.80472
9 -1.40856 0.443284 1.83317
9.02 -1.38067 0.462118 1.86106
9.04 -1.35261 0.480756 1.88839
9.06 -1.32437 0.499193 1.91516
9.08 -1.29597 0.517426 1.94137
9.1 -1.26741 0.535452 1.967
9.12 -1.23871 0.553269 1.99206
9.14 -1.20986 0.570872 2.01655
9.16 -1.18089 0.58826 2.04046
9.18 -1.15178 0.605429 2.06378
9.2 -1.12255 0.622376 2.08653
9.22 -1.09322 0.639099 2.10868
9.24 -1.06377 0.655594 2.13025
9.26 -1.03423 0.67186 2.15123
9.28 -1.0046 0.687894 2.17162
9.3 -0.974885 0.703693 2.19142
9.32 -0.945094 0.719255 2.21062
9.34 -0.915233 0.734577 2.22922
9.36 -0.88531 0.749657 2.24723
9.38 -0.855332 0.764492 2.26463
9.4 -0.825307 0.779082 2.28144
9.42 -0.795241 0.793423 2.29765
9.44 -0.76514 0.807513 2.31325
9.46 -0.735013 0.821351 2.32825
9.48 -0.704867 0.834934 2.34265
9.5 -0.674707 0.848262 2.35645
9.52 -0.644542 0.861331 2.36964
9.54 -0.614377 0.87414 2.38223
9.56 -0.58422 0.886688 2.39421
9.58 -0.554078 0.898973 2.4056
9.6 -0.523958 0.910994 2.41638
9.62 -0.493865 0.922748 2.42655
9.64 -0.463808 0.934235 2.43613
9.66 -0.433792 0.945454 2.44511
9.68 -0.403824 0.956403 2.45348
9.7 -0.373911 0.967081 2.46126
9.72 -0.344059 0.977487 2.46844
9.74 -0.314275 0.987619 2.47502
9.76 -0.284565 0.997478 2.48101
9.78 -0.254936 1.00706 2.48641
9.8 -0.225393 1.01637 2.49121
9.82 -0.195944 1.0254 2.49542
9.84 -0.166594 1.03415 2.49905
9.86 -0.13735 1.04263 2.50209
9.88 -0.108218 1.05083 2.50454
9.9 -0.0792036 1.05874 2.50642
9.92 -0.0503131 1.06638 2.50771
9.94 -0.0215525 1.07374 2.50843
9.96 0.00707242 1.08082 2.50857
9.98 0.0355557 1.08762 2.50815
10 0.0638916 1.09414 2.50715
10.02 0.0920745 1.10037 2.50559
10.04 0.120099 1.10633 2.50347
10.06 0.147958 1.11201 2.50079
10.08 0.175648 1.1174 2.49755
10.1 0.203162 1.12252 2.49377
10.12 0.230496 1.12735 2.48943
10.14 0.257644 1.13191 2.48455
10.16 0.2846 1.13618 2.47912
10.18 0.31136 1.14018 2.47316
10.2 0.337918 1.14389 2.46667
10.22 0.364269 1.14733 2.45965
10.24 0.390409 1.15049 2.4521
10.26 0.416332 1.15338 2.44403
10.28 0.442034 1.15598 2.43545
10.3 0.467509 1.15832 2.42635
10.32 0.492754 1.16037 2.41675
10.34 0.517763 1.16216 2.40665
10.36 0.542532 1.16367 2.39604
10.38 0.567056 1.16491 2.38495
10.4 0.591332 1.16587 2.37336
10.42 0.615354 1.16657 2.36129
10.44 0.639119 1.167 2.34875
10.46 0.662623 1.16716 2.33573
10.48 0.685861 1.16706 2.32225
10.5 0.708829 1.16669 2.3083
10.52 0.731524 1.16605 2.29389
10.54 0.753942 1.16516 2.27904
10.56 0.776078 1.164 2.26374
10.58 0.79793 1.16259 2.248
10.6 0.819493 1.16092 2.23182
10.62 0.840765 1.15899 2.21522
10.64 0.861741 1.15681 2.1982
10.66 0.882419 1.15437 2.18075
10.68 0.902796 1.15169 2.1629
10.7 0.922867 1.14875 2.14464
10.72 0.94263 1.14557 2.12599
10.74 0.962082 1.14215 2.10694
10.76 0.981221 1.13848 2.08751
10.78 1.00004 1.13457 2.06769
10.8 1.01854 1.13042 2.04751
10.82 1.03672 1.12604 2.02695
10.84 1.05458 1.12142 2.00604
10.86 1.07211 1.11657 1.98477
10.88 1.08931 1.11149 1.96316
10.9 1.10618 1.10618 1.9412
10.92 1.12271 1.10064 1.91891
10.94 1.13891 1.09488 1.8963
10.96 1.15476 1.0889 1.87336
10.98 1.17028 1.0827 1.85011
11 1.18546 1.07629 1.82655
11.02 1.20029 1.06966 1.80269
11.04 1.21478 1.06283 1.77854
11.06 1.22892 1.05578 1.7541
11.08 1.24271 1.04853 1.72939
11.1 1.25615 1.04107 1.7044
11.12 1.26925 1.03342 1.67914
11.14 1.28198 1.02557 1.65363
11.16 1.29437 1.01752 1.62787
11.18 1.3064 1.00928 1.60186
11.2 1.31807 1.00085 1.57561
11.22 1.32939 0.992239 1.54914
11.24 1.34035 0.983441 1.52244
11.26 1.35095 0.974462 1.49553
11.28 1.36119 0.965306 1.4684
11.3 1.37107 0.955975 1.44108
11.32 1.38059 0.946472 1.41356
11.34 1.38975 0.9368 1.38586
11.36 1.39855 0.926963 1.35798
11.38 1.40699 0.916963 1.32992
11.4 1.41507 0.906804 1.3017
11.42 1.42279 0.896488 1.27332
11.44 1.43015 0.886019 1.24479
11.46 1.43714 0.875399 1.21612
11.48 1.44377 0.864632 1.18731
11.5 1.45005 0.853722 1.15837
11.52 1.45596 0.84267 1.12931
11.54 1.46151 0.831481 1.10013
11.56 1.46671 0.820158 1.07085
11.58 1.47154 0.808704 1.04146
11.6 1.47602 0.797122 1.01199
11.62 1.48014 0.785415 0.982427
11.64 1.4839 0.773587 0.952786
11.66 1.4873 0.76164 0.923073
11.68 1.49036 0.749579 0.893296
11.7 1.49305 0.737407 0.863461
11.72 1.4954 0.725126 0.833576
11.74 1.49739 0.712741 0.803648
11.76 1.49904 0.700254 0.773683
11.78 1.50033 0.687669 0.743688
11.8 1.50128 0.674989 0.713672
11.82 1.50188 0.662218 0.68364
11.84 1.50213 0.649358 0.653599
11.86 1.50205 0.636414 0.623557
11.88 1.50162 0.623389 0.593519
11.9 1.50085 0.610285 0.563494
11.92 1.49975 0.597107 0.533488
11.94 1.49831 0.583857 0.503506
11.96 1.49654 0.57054 0.473557
11.98 1.49443 0.557157 0.443647
12 1.492 0.543714 0.413782
12.02 1.48923 0.530213 0.38397
12.04 1.48615 0.516657 0.354215
12.06 1.48274 0.50305 0.324526
12.08 1.47901 0.489395 0.294908
12.1 1.47496 0.475696 0.265368
12.12 1.47059 0.461955 0.235912
12.14 1.46592 0.448177 0.206546
12.16 1.46093 0.434364 0.177277
12.18 1.45563 0.42052 0.148111
12.2 1.45003 0.406648 0.119054
12.22 1.44413 0.392751 0.0901114
12.24 1.43793 0.378833 0.0612903
12.26 1.43143 0.364897 0.0325962
12.28 1.42464 0.350947 0.00403503
12.3 1.41756 0.336984 -0.0243874
12.32 1.41019 0.323013 -0.0526653
12.34 1.40253 0.309038 -0.0807929
12.36 1.39459 0.29506 -0.108765
12.38 1.38638 0.281083 -0.136575
12.4 1.37789 0.267111 -0.164218
12.42 1.36913 0.253147 -0.191688
12.44 1.3601 0.239193 -0.218981
12.46 1.3508 0.225253 -0.246091
12.48 1.34124 0.21133 -0.273011
12.5 1.33143 0.197427 -0.299739
12.52 1.32136 0.183547 -0.326267
12.54 1.31104 0.169694 -0.352591
12.56 1.30047 0.155869 -0.378707
12.58 1.28965 0.142077 -0.404608
12.6 1.2786 0.12832 -0.430291
12.62 1.26731 0.114601 -0.455751
12.64 1.25579 0.100923 -0.480982
12.66 1.24404 0.0872885 -0.505981
12.68 1.23206 0.0737013 -0.530742
12.7 1.21986 0.0601637 -0.555262
12.72 1.20744 0.0466787 -0.579535
12.74 1.19481 0.033249 -0.603558
12.76 1.18197 0.0198774 -0.627326
12.78 1.16893 0.00656664 -0.650835
12.8 1.15568 -0.00668047 -0.674082
12.82 1.14223 -0.0198613 -0.697061
12.84 1.12859 -0.0329731 -0.71977
12.86 1.11476 -0.0460133 -0.742203
12.88 1.10074 -0.0589793 -0.764359
12.9 1.08655 -0.0718685 -0.786232
12.92 1.07217 -0.0846783 -0.807819
12.94 1.05762 -0.0974062 -0.829118
12.96 1.0429 -0.11005 -0.850123
12.98 1.02802 -0.122606 -0.870833
13 1.01298 -0.135074 -0.891243
13.02 0.997775 -0.147449 -0.911351
13.04 0.982422 -0.159731 -0.931153
13.06 0.96692 -0.171916 -0.950647
13.08 0.951274 -0.184003 -0.969829
13.1 0.935488 -0.195988 -0.988697
13.12 0.919567 -0.207871 -1.00725
13.14 0.903515 -0.219648 -1.02548
13.16 0.887335 -0.231317 -1.04339
13.18 0.871033 -0.242877 -1.06097
13.2 0.854613 -0.254325 -1.07823
13.22 0.838079 -0.26566 -1.09515
13.24 0.821435 -0.276878 -1.11175
13.26 0.804685 -0.287979 -1.12801
13.28 0.787835 -0.29896 -1.14394
13.3 0.770888 -0.309819 -1.15952
13.32 0.753848 -0.320555 -1.17477
13.34 0.73672 -0.331165 -1.18968
13.36 0.719509 -0.341648 -1.20424
13.38 0.702218 -0.352002 -1.21846
13.4 0.684852 -0.362225 -1.23233
13.42 0.667415 -0.372317 -1.24585
13.44 0.649912 -0.382274 -1.25902
13.46 0.632347 -0.392095 -1.27185
13.48 0.614724 -0.401779 -1.28432
13.5 0.597047 -0.411325 -1.29644
13.52 0.579321 -0.42073 -1.3082
13.54 0.561549 -0.429994 -1.31961
13.56 0.543737 -0.439115 -1.33066
13.58 0.525889 -0.448091 -1.34136
13.6 0.508008 -0.456921 -1.3517
13.62 0.490099 -0.465605 -1.36168
13.64 0.472167 -0.47414 -1.3713
13.66 0.454214 -0.482525 -1.38056
13.68 0.436246 -0.49076 -1.38947
13.7 0.418267 -0.498843 -1.39801
13.72 0.400281 -0.506773 -1.4062
13.74 0.382292 -0.514548 -1.41403
13.76 0.364303 -0.522169 -1.42149
13.78 0.34632 -0.529634 -1.4286
13.8 0.328346 -0.536942 -1.43534
13.82 0.310385 -0.544092 -1.44173
13.84 0.292442 -0.551084 -1.44776
13.86 0.27452 -0.557916 -1.45343
13.88 0.256623 -0.564587 -1.45874
13.9 0.238755 -0.571098 -1.46369
13.92 0.22092 -0.577447 -1.46829
13.94 0.203122 -0.583634 -1.47253
13.96 0.185365 -0.589657 -1.47642
13.98 0.167653 -0.595518 -1.47995
14 0.14999 -0.601214 -1.48312
14.02 0.132378 -0.606745 -1.48595
14.04 0.114823 -0.612112 -1.48842
14.06 0.0973272 -0.617313 -1.49054
14.08 0.079895 -0.622348 -1.49231
14.1 0.0625299 -0.627217 -1.49374
14.12 0.0452355 -0.63192 -1.49481
14.14 0.0280154 -0.636456 -1.49555
14.16 0.0108731 -0.640825 -1.49593
14.18 -0.00618784 -0.645028 -1.49598
14.2 -0.0231639 -0.649062 -1.49569
14.22 -0.0400517 -0.65293 -1.49506
14.24 -0.0568478 -0.65663 -1.49409
14.26 -0.0735488 -0.660163 -1.49278
14.28 -0.0901514 -0.663528 -1.49114
14.3 -0.106652 -0.666727 -1.48918
14.32 -0.123048 -0.669757 -1.48688
14.34 -0.139336 -0.672621 -1.48426
14.36 -0.155513 -0.675318 -1.48131
14.38 -0.171575 -0.677848 -1.47804
14.4 -0.187519 -0.680212 -1.47444
14.42 -0.203343 -0.682409 -1.47054
14.44 -0.219043 -0.68444 -1.46631
14.46 -0.234617 -0.686306 -1.46177
14.48 -0.250061 -0.688007 -1.45693
14.5 -0.265373 -0.689543 -1.45177
14.52 -0.280549 -0.690915 -1.44631
14.54 -0.295588 -0.692123 -1.44055
14.56 -0.310485 -0.693167 -1.43449
14.58 -0.32524 -0.694049 -1.42813
14.6 -0.339848 -0.694769 -1.42148
14.62 -0.354307 -0.695327 -1.41454
14.64 -0.368616 -0.695724 -1.40731
14.66 -0.38277 -0.695962 -1.3998
14.68 -0.396768 -0.69604 -1.392
14.7 -0.410608 -0.695959 -1.38393
14.72 -0.424286 -0.69572 -1.37558
14.74 -0.437801 -0.695325 -1.36696
14.76 -0.451151 -0.694773 -1.35807
14.78 -0.464332 -0.694066 -1.34891
14.8 -0.477344 -0.693204 -1.3395
14.82 -0.490183 -0.69219 -1.32982
14.84 -0.502848 -0.691022 -1.31989
14.86 -0.515337 -0.689704 -1.30971
14.88 -0.527648 -0.688235 -1.29928
14.9 -0.539778 -0.686616 -1.2886
14.92 -0.551727 -0.68485 -1.27769
14.94 -0.563491 -0.682936 -1.26653
14.96 -0.57507 -0.680877 -1.25515
14.98 -0.586461 -0.678672 -1.24353
15 -0.597664 -0.676325 -1.23169
15.02 -0.608676 -0.673835 -1.21963
15.04 -0.619495 -0.671203 -1.20735
15.06 -0.630121 -0.668432 -1.19485
15.08 -0.640551 -0.665523 -1.18214
15.1 -0.650785 -0.662477 -1.16923
15.12 -0.660821 -0.659295 -1.15611
15.14 -0.670657 -0.655978 -1.1428
15.16 -0.680293 -0.652529 -1.12929
15.18 -0.689727 -0.648948 -1.11559
15.2 -0.698958 -0.645237 -1.1017
15.22 -0.707985 -0.641397 -1.08763
15.24 -0.716807 -0.637431 -1.07338
15.26 -0.725423 -0.633339 -1.05896
15.28 -0.733832 -0.629122 -1.04437
15.3 -0.742032 -0.624784 -1.02961
15.32 -0.750024 -0.620325 -1.01469
15.34 -0.757807 -0.615746 -0.999607
15.36 -0.765379 -0.61105 -0.984375
15.38 -0.772739 -0.606237 -0.968993
15.4 -0.779889 -0.601311 -0.953466
15.42 -0.786825 -0.596272 -0.937799
15.44 -0.793549 -0.591122 -0.921995
15.46 -0.80006 -0.585862 -0.906058
15.48 -0.806357 -0.580496 -0.889994
15.5 -0.81244 -0.575023 -0.873806
15.52 -0.818308 -0.569447 -0.857498
15.54 -0.823962 -0.563768 -0.841075
15.56 -0.829401 -0.557989 -0.824541
15.58 -0.834624 -0.552111 -0.8079
15.6 -0.839632 -0.546136 -0.791157
15.62 -0.844425 -0.540067 -0.774316
15.64 -0.849002 -0.533904 -0.757382
15.66 -0.853364 -0.527651 -0.740358
15.68 -0.85751 -0.521307 -0.723248
15.7 -0.861442 -0.514877 -0.706059
15.72 -0.865158 -0.50836 -0.688792
15.74 -0.868659 -0.50176 -0.671454
15.76 -0.871946 -0.495078 -0.654047
15.78 -0.875018 -0.488316 -0.636577
15.8 -0.877876 -0.481477 -0.619048
15.82 -0.880521 -0.474561 -0.601464
15.84 -0.882952 -0.467571 -0.583829
15.86 -0.885171 -0.460509 -0.566147
15.88 -0.887178 -0.453377 -0.548423
15.9 -0.888973 -0.446176 -0.530661
15.92 -0.890558 -0.43891 -0.512866
15.94 -0.891932 -0.431579 -0.49504
15.96 -0.893096 -0.424186 -0.47719
15.98 -0.894052 -0.416732 -0.459318
16 -0.8948 -0.40922 -0.441429
16.02 -0.895341 -0.401652 -0.423527
16.04 -0.895675 -0.39403 -0.405617
16.06 -0.895805 -0.386355 -0.387702
16.08 -0.89573 -0.37863 -0.369786
16.1 -0.895451 -0.370857 -0.351874
16.12 -0.894971 -0.363037 -0.333969
16.14 -0.894289 -0.355173 -0.316076
16.16 -0.893407 -0.347267 -0.298199
16.18 -0.892327 -0.339321 -0.280341
16.2 -0.891048 -0.331336 -0.262507
16.22 -0.889574 -0.323315 -0.244701
16.24 -0.887904 -0.315259 -0.226926
16.26 -0.886041 -0.307172 -0.209186
16.28 -0.883985 -0.299054 -0.191485
16.3 -0.881739 -0.290908 -0.173828
16.32 -0.879303 -0.282735 -0.156217
16.34 -0.876678 -0.274538 -0.138657
16.36 -0.873868 -0.266319 -0.121151
16.38 -0.870872 -0.258079 -0.103703
16.4 -0.867693 -0.249821 -0.0863174
16.42 -0.864333 -0.241547 -0.0689969
16.44 -0.860792 -0.233258 -0.0517453
16.46 -0.857073 -0.224957 -0.0345664
16.48 -0.853177 -0.216645 -0.0174636
16.5 -0.849106 -0.208324 -0.000440462
16.52 -0.844862 -0.199997 0.0164995
16.54 -0.840447 -0.191665 0.0333529
16.56 -0.835862 -0.18333 0.0501162
16.58 -0.83111 -0.174995 0.0667862
16.6 -0.826191 -0.16666 0.0833595
16.62 -0.821109 -0.158328 0.0998328
16.64 -0.815866 -0.150001 0.116203
16.66 -0.810462 -0.141681 0.132466
16.68 -0.8049 -0.133369 0.14862
16.7 -0.799183 -0.125067 0.164661
16.72 -0.793312 -0.116777 0.180587
16.74 -0.787289 -0.108502 0.196393
16.76 -0.781117 -0.100242 0.212077
16.78 -0.774797 -0.092 0.227637
16.8 -0.768332 -0.0837773 0.243068
16.82 -0.761724 -0.0755757 0.258369
16.84 -0.754975 -0.0673971 0.273536
16.86 -0.748087 -0.0592431 0.288567
16.88 -0.741063 -0.0511155 0.303459
16.9 -0.733905 -0.0430161 0.318209
16.92 -0.726615 -0.0349465 0.332814
16.94 -0.719196 -0.0269084 0.347272
16.96 -0.711649 -0.0189035 0.361581
16.98 -0.703977 -0.0109334 0.375737
17 -0.696183 -0.00299983 0.389739
17.02 -0.688268 0.00489562 0.403584
17.04 -0.680236 0.0127513 0.417269
17.06 -0.672088 0.0205658 0.430793
17.08 -0.663828 0.0283373 0.444152
17.1 -0.655457 0.0360643 0.457345
17.12 -0.646977 0.0437454 0.470369
17.14 -0.638392 0.051379 0.483223
17.16 -0.629704 0.0589635 0.495905
17.18 -0.620916 0.0664976 0.508411
17.2 -0.612029 0.0739797 0.52074
17.22 -0.603046 0.0814083 0.532891
17.24 -0.59397 0.0887822 0.544862
17.26 -0.584804 0.0960998 0.55665
17.28 -0.575549 0.10336 0.568253
17.3 -0.566209 0.110561 0.579671
17.32 -0.556785 0.117701 0.590901
17.34 -0.547282 0.12478 0.601942
17.36 -0.5377 0.131796 0.612792
17.38 -0.528043 0.138748 0.623449
17.4 -0.518313 0.145634 0.633913
17.42 -0.508512 0.152453 0.644181
17.44 -0.498644 0.159204 0.654253
17.46 -0.488711 0.165887 0.664127
17.48 -0.478716 0.172498 0.673801
17.5 -0.46866 0.179038 0.683275
17.52 -0.458547 0.185506 0.692547
17.54 -0.448379 0.191899 0.701616
17.56 -0.438159 0.198218 0.710482
17.58 -0.42789 0.204461 0.719143
17.6 -0.417573 0.210627 0.727597
17.62 -0.407212 0.216714 0.735845
17.64 -0.396808 0.222723 0.743885
17.66 -0.386366 0.228652 0.751717
17.68 -0.375887 0.234499 0.75934
17.7 -0.365373 0.240265 0.766752
17.72 -0.354828 0.245948 0.773954
17.74 -0.344254 0.251547 0.780945
17.76 -0.333653 0.257062 0.787724
17.78 -0.323028 0.262491 0.794291
17.8 -0.312382 0.267834 0.800645
17.82 -0.301716 0.27309 0.806786
17.84 -0.291035 0.278258 0.812714
17.86 -0.280339 0.283337 0.818428
17.88 -0.269632 0.288328 0.823927
17.9 -0.258916 0.293228 0.829213
17.92 -0.248193 0.298038 0.834284
17.94 -0.237467 0.302756 0.839141
17.96 -0.226739 0.307383 0.843783
17.98 -0.216012 0.311917 0.84821
18 -0.205288 0.316357 0.852423
18.02 -0.19457 0.320705 0.856422
18.04 -0.18386 0.324958 0.860206
18.06 -0.173161 0.329116 0.863776
18.08 -0.162474 0.333179 0.867133
18.1 -0.151803 0.337147 0.870275
18.12 -0.14115 0.341019 0.873205
18.14 -0.130517 0.344794 0.875921
18.16 -0.119906 0.348472 0.878426
18.18 -0.109319 0.352053 0.880718
18.2 -0.0987598 0.355536 0.882799
18.22 -0.0882295 0.358922 0.884668
18.24 -0.0777307 0.362209 0.886328
18.26 -0.0672655 0.365398 0.887778
18.28 -0.0568362 0.368488 0.889019
18.3 -0.046445 0.37148 0.890052
18.32 -0.0360941 0.374372 0.890877
18.34 -0.0257855 0.377165 0.891496
18.36 -0.0155215 0.379858 0.891909
18.38 -0.00530422 0.382453 0.892117
18.4 0.00486434 0.384947 0.892121
18.42 0.0149821 0.387342 0.891923
18.44 0.0250469 0.389636 0.891522
18.46 0.0350568 0.391832 0.890921
18.48 0.0450098 0.393927 0.89012
18.5 0.0549039 0.395922 0.889121
18.52 0.0647371 0.397818 0.887925
18.54 0.0745075 0.399614 0.886532
18.56 0.0842132 0.40131 0.884945
18.58 0.0938523 0.402907 0.883164
18.6 0.103423 0.404404 0.881191
18.62 0.112923 0.405802 0.879027
18.64 0.122351 0.407101 0.876675
18.66 0.131705 0.408301 0.874134
18.68 0.140984 0.409402 0.871407
18.7 0.150185 0.410405 0.868495
18.72 0.159307 0.41131 0.8654
18.74 0.168348 0.412117 0.862123
18.76 0.177307 0.412826 0.858667
18.78 0.186181 0.413437 0.855032
18.8 0.19497 0.413952 0.85122
18.82 0.203671 0.41437 0.847233
18.84 0.212284 0.414692 0.843074
18.86 0.220806 0.414918 0.838743
18.88 0.229237 0.415048 0.834242
18.9 0.237573 0.415084 0.829574
18.92 0.245816 0.415025 0.82474
18.94 0.253962 0.414872 0.819742
18.96 0.26201 0.414625 0.814582
18.98 0.269959 0.414285 0.809262
19 0.277809 0.413853 0.803784
19.02 0.285556 0.413328 0.79815
19.04 0.293201 0.412713 0.792363
19.06 0.300742 0.412006 0.786423
19.08 0.308177 0.411209 0.780334
19.1 0.315506 0.410323 0.774097
19.12 0.322728 0.409348 0.767714
19.14 0.329841 0.408284 0.761188
19.16 0.336844 0.407133 0.754521
19.18 0.343736 0.405894 0.747715
19.2 0.350516 0.40457 0.740773
19.22 0.357184 0.40316 0.733695
19.24 0.363737 0.401665 0.726486
19.26 0.370176 0.400086 0.719147
19.28 0.376499 0.398424 0.71168
19.3 0.382706 0.39668 0.704087
19.32 0.388796 0.394854 0.696372
19.34 0.394767 0.392947 0.688536
19.36 0.400619 0.39096 0.680582
19.38 0.406351 0.388894 0.672512
19.4 0.411963 0.386749 0.664329
19.42 0.417454 0.384527 0.656035
19.44 0.422823 0.382229 0.647632
19.46 0.42807 0.379854 0.639123
19.48 0.433194 0.377405 0.63051
19.5 0.438194 0.374883 0.621796
19.52 0.44307 0.372287 0.612983
19.54 0.447822 0.369619 0.604074
19.56 0.452448 0.366881 0.595071
19.58 0.456949 0.364072 0.585977
19.6 0.461324 0.361194 0.576794
19.62 0.465573 0.358249 0.567524
19.64 0.469695 0.355236 0.558172
19.66 0.473691 0.352157 0.548737
19.68 0.477558 0.349013 0.539225
19.7 0.481299 0.345805 0.529636
19.72 0.484912 0.342534 0.519974
19.74 0.488396 0.339202 0.51024
19.76 0.491753 0.335808 0.500439
19.78 0.494982 0.332355 0.490571
19.8 0.498082 0.328843 0.48064
19.82 0.501053 0.325274 0.470649
19.84 0.503897 0.321647 0.460599
19.86 0.506612 0.317966 0.450494
19.88 0.509198 0.31423 0.440335
19.9 0.511656 0.310441 0.430127
19.92 0.513985 0.3066 0.41987
19.94 0.516187 0.302709 0.409568
19.96 0.51826 0.298767 0.399223
19.98 0.520205 0.294777 0.388839
20 0.522022 0.290739 0.378416
